5.714286 71.428571 0.000000 0.000000 0.000000 0.000000
565.714286 71.428571 0.000000 0.000000 0.000000 1.000000
565.714286 100.000000 0.000000 0.000000 0.000000 1.000000
565.714286 128.571429 0.000000 0.000000 0.000000 1.000000
565.714286 157.142857 0.000000 0.000000 0.000000 1.000000
565.714286 185.714286 0.000000 0.000000 0.000000 1.000000
565.714286 214.285714 0.000000 0.000000 0.000000 1.000000
565.714286 242.857143 0.000000 0.000000 0.000000 1.000000
565.714286 271.428571 0.000000 0.000000 0.000000 1.000000
565.714286 300.000000 0.000000 0.000000 0.000000 1.000000
565.714286 328.571429 0.000000 0.000000 0.000000 1.000000
565.714286 357.142857 0.000000 0.000000 0.000000 1.000000
565.714286 385.714286 0.000000 0.000000 0.000000 1.000000
565.714286 414.285714 0.000000 0.000000 0.000000 1.000000
565.714286 442.857143 0.000000 0.000000 0.000000 1.000000
565.714286 471.428571 0.000000 0.000000 0.000000 1.000000
565.714286 500.000000 0.000000 0.000000 0.000000 1.000000
5.714286 100.000000 0.000000 0.000000 0.000000 0.000000
565.714286 71.428571 0.000000 0.000000 0.000000 1.000000
565.714286 100.000000 0.000000 0.000000 0.000000 1.000000
565.714286 128.571429 0.000000 0.000000 0.000000 1.000000
565.714286 157.142857 0.000000 0.000000 0.000000 1.000000
565.714286 185.714286 0.000000 0.000000 0.000000 1.000000
565.714286 214.285714 0.000000 0.000000 0.000000 1.000000
565.714286 242.857143 0.000000 0.000000 0.000000 1.000000
565.714286 271.428571 0.000000 0.000000 0.000000 1.000000
565.714286 300.000000 0.000000 0.000000 0.000000 1.000000
565.714286 328.571429 0.000000 0.000000 0.000000 1.000000
565.714286 357.142857 0.000000 0.000000 0.000000 1.000000
565.714286 385.714286 0.000000 0.000000 0.000000 1.000000
565.714286 414.285714 0.000000 0.000000 0.000000 1.000000
565.714286 442.857143 0.000000 0.000000 0.000000 1.000000
565.714286 471.428571 0.000000 0.000000 0.000000 1.000000
565.714286 500.000000 0.000000 0.000000 0.000000 1.000000
5.714286 128.571429 0.000000 0.000000 0.000000 0.000000
565.714286 71.428571 0.000000 0.000000 0.000000 1.000000
565.714286 100.000000 0.000000 0.000000 0.000000 1.000000
565.714286 128.571429 0.000000 0.000000 0.000000 1.000000
565.714286 157.142857 0.000000 0.000000 0.000000 1.000000
565.714286 185.714286 0.000000 0.000000 0.000000 1.000000
565.714286 214.285714 0.000000 0.000000 0.000000 1.000000
565.714286 242.857143 0.000000 0.000000 0.000000 1.000000
565.714286 271.428571 0.000000 0.000000 0.000000 1.000000
565.714286 300.000000 0.000000 0.000000 0.000000 1.000000
565.714286 328.571429 0.000000 0.000000 0.000000 1.000000
565.714286 357.142857 0.000000 0.000000 0.000000 1.000000
565.714286 385.714286 0.000000 0.000000 0.000000 1.000000
565.714286 414.285714 0.000000 0.000000 0.000000 1.000000
565.714286 442.857143 0.000000 0.000000 0.000000 1.000000
565.714286 471.428571 0.000000 0.000000 0.000000 1.000000
565.714286 500.000000 0.000000 0.000000 0.000000 1.000000
5.714286 157.142857 0.000000 0.000000 0.000000 0.000000
565.714286 71.428571 0.000000 0.000000 0.000000 1.000000
565.714286 100.000000 0.000000 0.000000 0.000000 1.000000
565.714286 128.571429 0.000000 0.000000 0.000000 1.000000
565.714286 157.142857 0.000000 0.000000 0.000000 1.000000
565.714286 185.714286 0.000000 0.000000 0.000000 1.000000
565.714286 214.285714 0.000000 0.000000 0.000000 1.000000
565.714286 242.857143 0.000000 0.000000 0.000000 1.000000
565.714286 271.428571 0.000000 0.000000 0.000000 1.000000
565.714286 300.000000 0.000000 0.000000 0.000000 1.000000
565.714286 328.571429 0.000000 0.000000 0.000000 1.000000
565.714286 357.142857 0.000000 0.000000 0.000000 1.000000
565.714286 385.714286 0.000000 0.000000 0.000000 1.000000
565.714286 414.285714 0.000000 0.000000 0.000000 1.000000
565.714286 442.857143 0.000000 0.000000 0.000000 1.000000
565.714286 471.428571 0.000000 0.000000 0.000000 1.000000
565.714286 500.000000 0.000000 0.000000 0.000000 1.000000
5.714286 185.714286 0.000000 0.000000 0.000000 0.000000
565.714286 71.428571 0.000000 0.000000 0.000000 1.000000
565.714286 100.000000 0.000000 0.000000 0.000000 1.000000
565.714286 128.571429 0.000000 0.000000 0.000000 1.000000
565.714286 157.142857 0.000000 0.000000 0.000000 1.000000
565.714286 185.714286 0.000000 0.000000 0.000000 1.000000
565.714286 214.285714 0.000000 0.000000 0.000000 1.000000
565.714286 242.857143 0.000000 0.000000 0.000000 1.000000
565.714286 271.428571 0.000000 0.000000 0.000000 1.000000
565.714286 300.000000 0.000000 0.000000 0.000000 1.000000
565.714286 328.571429 0.000000 0.000000 0.000000 1.000000
565.714286 357.142857 0.000000 0.000000 0.000000 1.000000
565.714286 385.714286 0.000000 0.000000 0.000000 1.000000
565.714286 414.285714 0.000000 0.000000 0.000000 1.000000
565.714286 442.857143 0.000000 0.000000 0.000000 1.000000
565.714286 471.428571 0.000000 0.000000 0.000000 1.000000
565.714286 500.000000 0.000000 0.000000 0.000000 1.000000
5.714286 214.285714 0.000000 0.000000 0.000000 0.000000
565.714286 71.428571 0.000000 0.000000 0.000000 1.000000
565.714286 100.000000 0.000000 0.000000 0.000000 1.000000
565.714286 128.571429 0.000000 0.000000 0.000000 1.000000
565.714286 157.142857 0.000000 0.000000 0.000000 1.000000
565.714286 185.714286 0.000000 0.000000 0.000000 1.000000
565.714286 214.285714 0.000000 0.000000 0.000000 1.000000
565.714286 242.857143 0.000000 0.000000 0.000000 1.000000
565.714286 271.428571 0.000000 0.000000 0.000000 1.000000
565.714286 300.000000 0.000000 0.000000 0.000000 1.000000
565.714286 328.571429 0.000000 0.000000 0.000000 1.000000
565.714286 357.142857 0.000000 0.000000 0.000000 1.000000
565.714286 385.714286 0.000000 0.000000 0.000000 1.000000
565.714286 414.285714 0.000000 0.000000 0.000000 1.000000
565.714286 442.857143 0.000000 0.000000 0.000000 1.000000
565.714286 471.428571 0.000000 0.000000 0.000000 1.000000
565.714286 500.000000 0.000000 0.000000 0.000000 1.000000
5.714286 242.857143 0.000000 0.000000 0.000000 0.000000
565.714286 71.428571 0.000000 0.000000 0.000000 1.000000
565.714286 100.000000 0.000000 0.000000 0.000000 1.000000
565.714286 128.571429 0.000000 0.000000 0.000000 1.000000
565.714286 157.142857 0.000000 0.000000 0.000000 1.000000
565.714286 185.714286 0.000000 0.000000 0.000000 1.000000
565.714286 214.285714 0.000000 0.000000 0.000000 1.000000
565.714286 242.857143 0.000000 0.000000 0.000000 1.000000
565.714286 271.428571 0.000000 0.000000 0.000000 1.000000
565.714286 300.000000 0.000000 0.000000 0.000000 1.000000
565.714286 328.571429 0.000000 0.000000 0.000000 1.000000
565.714286 357.142857 0.000000 0.000000 0.000000 1.000000
565.714286 385.714286 0.000000 0.000000 0.000000 1.000000
565.714286 414.285714 0.000000 0.000000 0.000000 1.000000
565.714286 442.857143 0.000000 0.000000 0.000000 1.000000
565.714286 471.428571 0.000000 0.000000 0.000000 1.000000
565.714286 500.000000 0.000000 0.000000 0.000000 1.000000
5.714286 271.428571 0.000000 0.000000 0.000000 0.000000
565.714286 71.428571 0.000000 0.000000 0.000000 1.000000
565.714286 100.000000 0.000000 0.000000 0.000000 1.000000
565.714286 128.571429 0.000000 0.000000 0.000000 1.000000
565.714286 157.142857 0.000000 0.000000 0.000000 1.000000
565.714286 185.714286 0.000000 0.000000 0.000000 1.000000
565.714286 214.285714 0.000000 0.000000 0.000000 1.000000
565.714286 242.857143 0.000000 0.000000 0.000000 1.000000
565.714286 271.428571 0.000000 0.000000 0.000000 1.000000
565.714286 300.000000 0.000000 0.000000 0.000000 1.000000
565.714286 328.571429 0.000000 0.000000 0.000000 1.000000
565.714286 357.142857 0.000000 0.000000 0.000000 1.000000
565.714286 385.714286 0.000000 0.000000 0.000000 1.000000
565.714286 414.285714 0.000000 0.000000 0.000000 1.000000
565.714286 442.857143 0.000000 0.000000 0.000000 1.000000
565.714286 471.428571 0.000000 0.000000 0.000000 1.000000
565.714286 500.000000 0.000000 0.000000 0.000000 1.000000
5.714286 300.000000 0.000000 0.000000 0.000000 0.000000
565.714286 71.428571 0.000000 0.000000 0.000000 1.000000
565.714286 100.000000 0.000000 0.000000 0.000000 1.000000
565.714286 128.571429 0.000000 0.000000 0.000000 1.000000
565.714286 157.142857 0.000000 0.000000 0.000000 1.000000
565.714286 185.714286 0.000000 0.000000 0.000000 1.000000
565.714286 214.285714 0.000000 0.000000 0.000000 1.000000
565.714286 242.857143 0.000000 0.000000 0.000000 1.000000
565.714286 271.428571 0.000000 0.000000 0.000000 1.000000
565.714286 300.000000 0.000000 0.000000 0.000000 1.000000
565.714286 328.571429 0.000000 0.000000 0.000000 1.000000
565.714286 357.142857 0.000000 0.000000 0.000000 1.000000
565.714286 385.714286 0.000000 0.000000 0.000000 1.000000
565.714286 414.285714 0.000000 0.000000 0.000000 1.000000
565.714286 442.857143 0.000000 0.000000 0.000000 1.000000
565.714286 471.428571 0.000000 0.000000 0.000000 1.000000
565.714286 500.000000 0.000000 0.000000 0.000000 1.000000
5.714286 328.571429 0.000000 0.000000 0.000000 0.000000
565.714286 71.428571 0.000000 0.000000 0.000000 1.000000
565.714286 100.000000 0.000000 0.000000 0.000000 1.000000
565.714286 128.571429 0.000000 0.000000 0.000000 1.000000
565.714286 157.142857 0.000000 0.000000 0.000000 1.000000
565.714286 185.714286 0.000000 0.000000 0.000000 1.000000
565.714286 214.285714 0.000000 0.000000 0.000000 1.000000
565.714286 242.857143 0.000000 0.000000 0.000000 1.000000
565.714286 271.428571 0.000000 0.000000 0.000000 1.000000
565.714286 300.000000 0.000000 0.000000 0.000000 1.000000
565.714286 328.571429 0.000000 0.000000 0.000000 1.000000
565.714286 357.142857 0.000000 0.000000 0.000000 1.000000
565.714286 385.714286 0.000000 0.000000 0.000000 1.000000
565.714286 414.285714 0.000000 0.000000 0.000000 1.000000
565.714286 442.857143 0.000000 0.000000 0.000000 1.000000
565.714286 471.428571 0.000000 0.000000 0.000000 1.000000
565.714286 500.000000 0.000000 0.000000 0.000000 1.000000
5.714286 357.142857 0.000000 0.000000 0.000000 0.000000
565.714286 71.428571 0.000000 0.000000 0.000000 1.000000
565.714286 100.000000 0.000000 0.000000 0.000000 1.000000
565.714286 128.571429 0.000000 0.000000 0.000000 1.000000
565.714286 157.142857 0.000000 0.000000 0.000000 1.000000
565.714286 185.714286 0.000000 0.000000 0.000000 1.000000
565.714286 214.285714 0.000000 0.000000 0.000000 1.000000
565.714286 242.857143 0.000000 0.000000 0.000000 1.000000
565.714286 271.428571 0.000000 0.000000 0.000000 1.000000
565.714286 300.000000 0.000000 0.000000 0.000000 1.000000
565.714286 328.571429 0.000000 0.000000 0.000000 1.000000
565.714286 357.142857 0.000000 0.000000 0.000000 1.000000
565.714286 385.714286 0.000000 0.000000 0.000000 1.000000
565.714286 414.285714 0.000000 0.000000 0.000000 1.000000
565.714286 442.857143 0.000000 0.000000 0.000000 1.000000
565.714286 471.428571 0.000000 0.000000 0.000000 1.000000
565.714286 500.000000 0.000000 0.000000 0.000000 1.000000
5.714286 385.714286 0.000000 0.000000 0.000000 0.000000
565.714286 71.428571 0.000000 0.000000 0.000000 1.000000
565.714286 100.000000 0.000000 0.000000 0.000000 1.000000
565.714286 128.571429 0.000000 0.000000 0.000000 1.000000
565.714286 157.142857 0.000000 0.000000 0.000000 1.000000
565.714286 185.714286 0.000000 0.000000 0.000000 1.000000
565.714286 214.285714 0.000000 0.000000 0.000000 1.000000
565.714286 242.857143 0.000000 0.000000 0.000000 1.000000
565.714286 271.428571 0.000000 0.000000 0.000000 1.000000
565.714286 300.000000 0.000000 0.000000 0.000000 1.000000
565.714286 328.571429 0.000000 0.000000 0.000000 1.000000
565.714286 357.142857 0.000000 0.000000 0.000000 1.000000
565.714286 385.714286 0.000000 0.000000 0.000000 1.000000
565.714286 414.285714 0.000000 0.000000 0.000000 1.000000
565.714286 442.857143 0.000000 0.000000 0.000000 1.000000
565.714286 471.428571 0.000000 0.000000 0.000000 1.000000
565.714286 500.000000 0.000000 0.000000 0.000000 1.000000
5.714286 414.285714 0.000000 0.000000 0.000000 0.000000
565.714286 71.428571 0.000000 0.000000 0.000000 1.000000
565.714286 100.000000 0.000000 0.000000 0.000000 1.000000
565.714286 128.571429 0.000000 0.000000 0.000000 1.000000
565.714286 157.142857 0.000000 0.000000 0.000000 1.000000
565.714286 185.714286 0.000000 0.000000 0.000000 1.000000
565.714286 214.285714 0.000000 0.000000 0.000000 1.000000
565.714286 242.857143 0.000000 0.000000 0.000000 1.000000
565.714286 271.428571 0.000000 0.000000 0.000000 1.000000
565.714286 300.000000 0.000000 0.000000 0.000000 1.000000
565.714286 328.571429 0.000000 0.000000 0.000000 1.000000
565.714286 357.142857 0.000000 0.000000 0.000000 1.000000
565.714286 385.714286 0.000000 0.000000 0.000000 1.000000
565.714286 414.285714 0.000000 0.000000 0.000000 1.000000
565.714286 442.857143 0.000000 0.000000 0.000000 1.000000
565.714286 471.428571 0.000000 0.000000 0.000000 1.000000
565.714286 500.000000 0.000000 0.000000 0.000000 1.000000
5.714286 442.857143 0.000000 0.000000 0.000000 0.000000
565.714286 71.428571 0.000000 0.000000 0.000000 1.000000
565.714286 100.000000 0.000000 0.000000 0.000000 1.000000
565.714286 128.571429 0.000000 0.000000 0.000000 1.000000
565.714286 157.142857 0.000000 0.000000 0.000000 1.000000
565.714286 185.714286 0.000000 0.000000 0.000000 1.000000
565.714286 214.285714 0.000000 0.000000 0.000000 1.000000
565.714286 242.857143 0.000000 0.000000 0.000000 1.000000
565.714286 271.428571 0.000000 0.000000 0.000000 1.000000
565.714286 300.000000 0.000000 0.000000 0.000000 1.000000
565.714286 328.571429 0.000000 0.000000 0.000000 1.000000
565.714286 357.142857 0.000000 0.000000 0.000000 1.000000
565.714286 385.714286 0.000000 0.000000 0.000000 1.000000
565.714286 414.285714 0.000000 0.000000 0.000000 1.000000
565.714286 442.857143 0.000000 0.000000 0.000000 1.000000
565.714286 471.428571 0.000000 0.000000 0.000000 1.000000
565.714286 500.000000 0.000000 0.000000 0.000000 1.000000
5.714286 471.428571 0.000000 0.000000 0.000000 0.000000
565.714286 71.428571 0.000000 0.000000 0.000000 1.000000
565.714286 100.000000 0.000000 0.000000 0.000000 1.000000
565.714286 128.571429 0.000000 0.000000 0.000000 1.000000
565.714286 157.142857 0.000000 0.000000 0.000000 1.000000
565.714286 185.714286 0.000000 0.000000 0.000000 1.000000
565.714286 214.285714 0.000000 0.000000 0.000000 1.000000
565.714286 242.857143 0.000000 0.000000 0.000000 1.000000
565.714286 271.428571 0.000000 0.000000 0.000000 1.000000
565.714286 300.000000 0.000000 0.000000 0.000000 1.000000
565.714286 328.571429 0.000000 0.000000 0.000000 1.000000
565.714286 357.142857 0.000000 0.000000 0.000000 1.000000
565.714286 385.714286 0.000000 0.000000 0.000000 1.000000
565.714286 414.285714 0.000000 0.000000 0.000000 1.000000
565.714286 442.857143 0.000000 0.000000 0.000000 1.000000
565.714286 471.428571 0.000000 0.000000 0.000000 1.000000
565.714286 500.000000 0.000000 0.000000 0.000000 1.000000
5.714286 500.000000 0.000000 0.000000 0.000000 0.000000
565.714286 71.428571 0.000000 0.000000 0.000000 1.000000
565.714286 100.000000 0.000000 0.000000 0.000000 1.000000
565.714286 128.571429 0.000000 0.000000 0.000000 1.000000
565.714286 157.142857 0.000000 0.000000 0.000000 1.000000
565.714286 185.714286 0.000000 0.000000 0.000000 1.000000
565.714286 214.285714 0.000000 0.000000 0.000000 1.000000
565.714286 242.857143 0.000000 0.000000 0.000000 1.000000
565.714286 271.428571 0.000000 0.000000 0.000000 1.000000
565.714286 300.000000 0.000000 0.000000 0.000000 1.000000
565.714286 328.571429 0.000000 0.000000 0.000000 1.000000
565.714286 357.142857 0.000000 0.000000 0.000000 1.000000
565.714286 385.714286 0.000000 0.000000 0.000000 1.000000
565.714286 414.285714 0.000000 0.000000 0.000000 1.000000
565.714286 442.857143 0.000000 0.000000 0.000000 1.000000
565.714286 471.428571 0.000000 0.000000 0.000000 1.000000
565.714286 500.000000 0.000000 0.000000 0.000000 1.000000
