  6.9423696E+07
  6.7490832E+07
  5.0132316E+07
  1.3024177E+08
  3.5248412E+07
  8.0827224E+07
  8.0360824E+07
  8.1150416E+07
  8.6354160E+07
  1.2594770E+08
  6.3274732E+07
  1.9284390E+07
  1.0171100E+07
   6233642.    
   3008007.    
   2235052.    
   1277974.    
   788994.4    
   550369.4    
   360704.8    
   250880.5    
   212853.3    
   179417.3    
   147186.0    
   126973.3    
   111548.1    
   101505.9    
   95919.19    
   87947.34    
   77094.54    
   67525.15    
   64692.72    
   59810.84    
   56289.66    
   53296.05    
   48809.02    
   46767.41    
   45459.47    
   43657.15    
   41936.21    
   39011.28    
   36925.25    
   35141.64    
   32918.57    
   31549.34    
   29719.67    
   27588.74    
   26459.53    
   24522.38    
   24375.36    
   22526.33    
