5114.285714 128.571429 0.000000 0.000000 0.000000 0.000000
5114.285714 128.571429 0.000000 0.000000 0.000000 1.000000
5114.285714 214.285714 0.000000 0.000000 0.000000 1.000000
5114.285714 300.000000 0.000000 0.000000 0.000000 1.000000
5114.285714 385.714286 0.000000 0.000000 0.000000 1.000000
5114.285714 471.428571 0.000000 0.000000 0.000000 1.000000
5114.285714 557.142857 0.000000 0.000000 0.000000 1.000000
5114.285714 642.857143 0.000000 0.000000 0.000000 1.000000
5114.285714 728.571429 0.000000 0.000000 0.000000 1.000000
5114.285714 814.285714 0.000000 0.000000 0.000000 1.000000
5114.285714 900.000000 0.000000 0.000000 0.000000 1.000000
5114.285714 985.714286 0.000000 0.000000 0.000000 1.000000
5114.285714 1071.428571 0.000000 0.000000 0.000000 1.000000
5114.285714 1157.142857 0.000000 0.000000 0.000000 1.000000
5114.285714 1242.857143 0.000000 0.000000 0.000000 1.000000
5114.285714 1328.571429 0.000000 0.000000 0.000000 1.000000
5114.285714 1414.285714 0.000000 0.000000 0.000000 1.000000
5114.285714 1500.000000 0.000000 0.000000 0.000000 1.000000
5114.285714 1585.714286 0.000000 0.000000 0.000000 1.000000
5114.285714 1671.428571 0.000000 0.000000 0.000000 1.000000
5114.285714 1757.142857 0.000000 0.000000 0.000000 1.000000
5114.285714 1842.857143 0.000000 0.000000 0.000000 1.000000
5114.285714 1928.571429 0.000000 0.000000 0.000000 1.000000
5114.285714 2014.285714 0.000000 0.000000 0.000000 1.000000
5114.285714 2100.000000 0.000000 0.000000 0.000000 1.000000
5114.285714 2185.714286 0.000000 0.000000 0.000000 1.000000
5114.285714 2271.428571 0.000000 0.000000 0.000000 1.000000
5114.285714 2357.142857 0.000000 0.000000 0.000000 1.000000
5114.285714 2442.857143 0.000000 0.000000 0.000000 1.000000
5114.285714 2528.571429 0.000000 0.000000 0.000000 1.000000
5114.285714 2614.285714 0.000000 0.000000 0.000000 1.000000
5114.285714 2700.000000 0.000000 0.000000 0.000000 1.000000
5114.285714 2785.714286 0.000000 0.000000 0.000000 1.000000
5114.285714 214.285714 0.000000 0.000000 0.000000 0.000000
5114.285714 128.571429 0.000000 0.000000 0.000000 1.000000
5114.285714 214.285714 0.000000 0.000000 0.000000 1.000000
5114.285714 300.000000 0.000000 0.000000 0.000000 1.000000
5114.285714 385.714286 0.000000 0.000000 0.000000 1.000000
5114.285714 471.428571 0.000000 0.000000 0.000000 1.000000
5114.285714 557.142857 0.000000 0.000000 0.000000 1.000000
5114.285714 642.857143 0.000000 0.000000 0.000000 1.000000
5114.285714 728.571429 0.000000 0.000000 0.000000 1.000000
5114.285714 814.285714 0.000000 0.000000 0.000000 1.000000
5114.285714 900.000000 0.000000 0.000000 0.000000 1.000000
5114.285714 985.714286 0.000000 0.000000 0.000000 1.000000
5114.285714 1071.428571 0.000000 0.000000 0.000000 1.000000
5114.285714 1157.142857 0.000000 0.000000 0.000000 1.000000
5114.285714 1242.857143 0.000000 0.000000 0.000000 1.000000
5114.285714 1328.571429 0.000000 0.000000 0.000000 1.000000
5114.285714 1414.285714 0.000000 0.000000 0.000000 1.000000
5114.285714 1500.000000 0.000000 0.000000 0.000000 1.000000
5114.285714 1585.714286 0.000000 0.000000 0.000000 1.000000
5114.285714 1671.428571 0.000000 0.000000 0.000000 1.000000
5114.285714 1757.142857 0.000000 0.000000 0.000000 1.000000
5114.285714 1842.857143 0.000000 0.000000 0.000000 1.000000
5114.285714 1928.571429 0.000000 0.000000 0.000000 1.000000
5114.285714 2014.285714 0.000000 0.000000 0.000000 1.000000
5114.285714 2100.000000 0.000000 0.000000 0.000000 1.000000
5114.285714 2185.714286 0.000000 0.000000 0.000000 1.000000
5114.285714 2271.428571 0.000000 0.000000 0.000000 1.000000
5114.285714 2357.142857 0.000000 0.000000 0.000000 1.000000
5114.285714 2442.857143 0.000000 0.000000 0.000000 1.000000
5114.285714 2528.571429 0.000000 0.000000 0.000000 1.000000
5114.285714 2614.285714 0.000000 0.000000 0.000000 1.000000
5114.285714 2700.000000 0.000000 0.000000 0.000000 1.000000
5114.285714 2785.714286 0.000000 0.000000 0.000000 1.000000
5114.285714 300.000000 0.000000 0.000000 0.000000 0.000000
5114.285714 128.571429 0.000000 0.000000 0.000000 1.000000
5114.285714 214.285714 0.000000 0.000000 0.000000 1.000000
5114.285714 300.000000 0.000000 0.000000 0.000000 1.000000
5114.285714 385.714286 0.000000 0.000000 0.000000 1.000000
5114.285714 471.428571 0.000000 0.000000 0.000000 1.000000
5114.285714 557.142857 0.000000 0.000000 0.000000 1.000000
5114.285714 642.857143 0.000000 0.000000 0.000000 1.000000
5114.285714 728.571429 0.000000 0.000000 0.000000 1.000000
5114.285714 814.285714 0.000000 0.000000 0.000000 1.000000
5114.285714 900.000000 0.000000 0.000000 0.000000 1.000000
5114.285714 985.714286 0.000000 0.000000 0.000000 1.000000
5114.285714 1071.428571 0.000000 0.000000 0.000000 1.000000
5114.285714 1157.142857 0.000000 0.000000 0.000000 1.000000
5114.285714 1242.857143 0.000000 0.000000 0.000000 1.000000
5114.285714 1328.571429 0.000000 0.000000 0.000000 1.000000
5114.285714 1414.285714 0.000000 0.000000 0.000000 1.000000
5114.285714 1500.000000 0.000000 0.000000 0.000000 1.000000
5114.285714 1585.714286 0.000000 0.000000 0.000000 1.000000
5114.285714 1671.428571 0.000000 0.000000 0.000000 1.000000
5114.285714 1757.142857 0.000000 0.000000 0.000000 1.000000
5114.285714 1842.857143 0.000000 0.000000 0.000000 1.000000
5114.285714 1928.571429 0.000000 0.000000 0.000000 1.000000
5114.285714 2014.285714 0.000000 0.000000 0.000000 1.000000
5114.285714 2100.000000 0.000000 0.000000 0.000000 1.000000
5114.285714 2185.714286 0.000000 0.000000 0.000000 1.000000
5114.285714 2271.428571 0.000000 0.000000 0.000000 1.000000
5114.285714 2357.142857 0.000000 0.000000 0.000000 1.000000
5114.285714 2442.857143 0.000000 0.000000 0.000000 1.000000
5114.285714 2528.571429 0.000000 0.000000 0.000000 1.000000
5114.285714 2614.285714 0.000000 0.000000 0.000000 1.000000
5114.285714 2700.000000 0.000000 0.000000 0.000000 1.000000
5114.285714 2785.714286 0.000000 0.000000 0.000000 1.000000
5114.285714 385.714286 0.000000 0.000000 0.000000 0.000000
5114.285714 128.571429 0.000000 0.000000 0.000000 1.000000
5114.285714 214.285714 0.000000 0.000000 0.000000 1.000000
5114.285714 300.000000 0.000000 0.000000 0.000000 1.000000
5114.285714 385.714286 0.000000 0.000000 0.000000 1.000000
5114.285714 471.428571 0.000000 0.000000 0.000000 1.000000
5114.285714 557.142857 0.000000 0.000000 0.000000 1.000000
5114.285714 642.857143 0.000000 0.000000 0.000000 1.000000
5114.285714 728.571429 0.000000 0.000000 0.000000 1.000000
5114.285714 814.285714 0.000000 0.000000 0.000000 1.000000
5114.285714 900.000000 0.000000 0.000000 0.000000 1.000000
5114.285714 985.714286 0.000000 0.000000 0.000000 1.000000
5114.285714 1071.428571 0.000000 0.000000 0.000000 1.000000
5114.285714 1157.142857 0.000000 0.000000 0.000000 1.000000
5114.285714 1242.857143 0.000000 0.000000 0.000000 1.000000
5114.285714 1328.571429 0.000000 0.000000 0.000000 1.000000
5114.285714 1414.285714 0.000000 0.000000 0.000000 1.000000
5114.285714 1500.000000 0.000000 0.000000 0.000000 1.000000
5114.285714 1585.714286 0.000000 0.000000 0.000000 1.000000
5114.285714 1671.428571 0.000000 0.000000 0.000000 1.000000
5114.285714 1757.142857 0.000000 0.000000 0.000000 1.000000
5114.285714 1842.857143 0.000000 0.000000 0.000000 1.000000
5114.285714 1928.571429 0.000000 0.000000 0.000000 1.000000
5114.285714 2014.285714 0.000000 0.000000 0.000000 1.000000
5114.285714 2100.000000 0.000000 0.000000 0.000000 1.000000
5114.285714 2185.714286 0.000000 0.000000 0.000000 1.000000
5114.285714 2271.428571 0.000000 0.000000 0.000000 1.000000
5114.285714 2357.142857 0.000000 0.000000 0.000000 1.000000
5114.285714 2442.857143 0.000000 0.000000 0.000000 1.000000
5114.285714 2528.571429 0.000000 0.000000 0.000000 1.000000
5114.285714 2614.285714 0.000000 0.000000 0.000000 1.000000
5114.285714 2700.000000 0.000000 0.000000 0.000000 1.000000
5114.285714 2785.714286 0.000000 0.000000 0.000000 1.000000
5114.285714 471.428571 0.000000 0.000000 0.000000 0.000000
5114.285714 128.571429 0.000000 0.000000 0.000000 1.000000
5114.285714 214.285714 0.000000 0.000000 0.000000 1.000000
5114.285714 300.000000 0.000000 0.000000 0.000000 1.000000
5114.285714 385.714286 0.000000 0.000000 0.000000 1.000000
5114.285714 471.428571 0.000000 0.000000 0.000000 1.000000
5114.285714 557.142857 0.000000 0.000000 0.000000 1.000000
5114.285714 642.857143 0.000000 0.000000 0.000000 1.000000
5114.285714 728.571429 0.000000 0.000000 0.000000 1.000000
5114.285714 814.285714 0.000000 0.000000 0.000000 1.000000
5114.285714 900.000000 0.000000 0.000000 0.000000 1.000000
5114.285714 985.714286 0.000000 0.000000 0.000000 1.000000
5114.285714 1071.428571 0.000000 0.000000 0.000000 1.000000
5114.285714 1157.142857 0.000000 0.000000 0.000000 1.000000
5114.285714 1242.857143 0.000000 0.000000 0.000000 1.000000
5114.285714 1328.571429 0.000000 0.000000 0.000000 1.000000
5114.285714 1414.285714 0.000000 0.000000 0.000000 1.000000
5114.285714 1500.000000 0.000000 0.000000 0.000000 1.000000
5114.285714 1585.714286 0.000000 0.000000 0.000000 1.000000
5114.285714 1671.428571 0.000000 0.000000 0.000000 1.000000
5114.285714 1757.142857 0.000000 0.000000 0.000000 1.000000
5114.285714 1842.857143 0.000000 0.000000 0.000000 1.000000
5114.285714 1928.571429 0.000000 0.000000 0.000000 1.000000
5114.285714 2014.285714 0.000000 0.000000 0.000000 1.000000
5114.285714 2100.000000 0.000000 0.000000 0.000000 1.000000
5114.285714 2185.714286 0.000000 0.000000 0.000000 1.000000
5114.285714 2271.428571 0.000000 0.000000 0.000000 1.000000
5114.285714 2357.142857 0.000000 0.000000 0.000000 1.000000
5114.285714 2442.857143 0.000000 0.000000 0.000000 1.000000
5114.285714 2528.571429 0.000000 0.000000 0.000000 1.000000
5114.285714 2614.285714 0.000000 0.000000 0.000000 1.000000
5114.285714 2700.000000 0.000000 0.000000 0.000000 1.000000
5114.285714 2785.714286 0.000000 0.000000 0.000000 1.000000
5114.285714 557.142857 0.000000 0.000000 0.000000 0.000000
5114.285714 128.571429 0.000000 0.000000 0.000000 1.000000
5114.285714 214.285714 0.000000 0.000000 0.000000 1.000000
5114.285714 300.000000 0.000000 0.000000 0.000000 1.000000
5114.285714 385.714286 0.000000 0.000000 0.000000 1.000000
5114.285714 471.428571 0.000000 0.000000 0.000000 1.000000
5114.285714 557.142857 0.000000 0.000000 0.000000 1.000000
5114.285714 642.857143 0.000000 0.000000 0.000000 1.000000
5114.285714 728.571429 0.000000 0.000000 0.000000 1.000000
5114.285714 814.285714 0.000000 0.000000 0.000000 1.000000
5114.285714 900.000000 0.000000 0.000000 0.000000 1.000000
5114.285714 985.714286 0.000000 0.000000 0.000000 1.000000
5114.285714 1071.428571 0.000000 0.000000 0.000000 1.000000
5114.285714 1157.142857 0.000000 0.000000 0.000000 1.000000
5114.285714 1242.857143 0.000000 0.000000 0.000000 1.000000
5114.285714 1328.571429 0.000000 0.000000 0.000000 1.000000
5114.285714 1414.285714 0.000000 0.000000 0.000000 1.000000
5114.285714 1500.000000 0.000000 0.000000 0.000000 1.000000
5114.285714 1585.714286 0.000000 0.000000 0.000000 1.000000
5114.285714 1671.428571 0.000000 0.000000 0.000000 1.000000
5114.285714 1757.142857 0.000000 0.000000 0.000000 1.000000
5114.285714 1842.857143 0.000000 0.000000 0.000000 1.000000
5114.285714 1928.571429 0.000000 0.000000 0.000000 1.000000
5114.285714 2014.285714 0.000000 0.000000 0.000000 1.000000
5114.285714 2100.000000 0.000000 0.000000 0.000000 1.000000
5114.285714 2185.714286 0.000000 0.000000 0.000000 1.000000
5114.285714 2271.428571 0.000000 0.000000 0.000000 1.000000
5114.285714 2357.142857 0.000000 0.000000 0.000000 1.000000
5114.285714 2442.857143 0.000000 0.000000 0.000000 1.000000
5114.285714 2528.571429 0.000000 0.000000 0.000000 1.000000
5114.285714 2614.285714 0.000000 0.000000 0.000000 1.000000
5114.285714 2700.000000 0.000000 0.000000 0.000000 1.000000
5114.285714 2785.714286 0.000000 0.000000 0.000000 1.000000
5114.285714 642.857143 0.000000 0.000000 0.000000 0.000000
5114.285714 128.571429 0.000000 0.000000 0.000000 1.000000
5114.285714 214.285714 0.000000 0.000000 0.000000 1.000000
5114.285714 300.000000 0.000000 0.000000 0.000000 1.000000
5114.285714 385.714286 0.000000 0.000000 0.000000 1.000000
5114.285714 471.428571 0.000000 0.000000 0.000000 1.000000
5114.285714 557.142857 0.000000 0.000000 0.000000 1.000000
5114.285714 642.857143 0.000000 0.000000 0.000000 1.000000
5114.285714 728.571429 0.000000 0.000000 0.000000 1.000000
5114.285714 814.285714 0.000000 0.000000 0.000000 1.000000
5114.285714 900.000000 0.000000 0.000000 0.000000 1.000000
5114.285714 985.714286 0.000000 0.000000 0.000000 1.000000
5114.285714 1071.428571 0.000000 0.000000 0.000000 1.000000
5114.285714 1157.142857 0.000000 0.000000 0.000000 1.000000
5114.285714 1242.857143 0.000000 0.000000 0.000000 1.000000
5114.285714 1328.571429 0.000000 0.000000 0.000000 1.000000
5114.285714 1414.285714 0.000000 0.000000 0.000000 1.000000
5114.285714 1500.000000 0.000000 0.000000 0.000000 1.000000
5114.285714 1585.714286 0.000000 0.000000 0.000000 1.000000
5114.285714 1671.428571 0.000000 0.000000 0.000000 1.000000
5114.285714 1757.142857 0.000000 0.000000 0.000000 1.000000
5114.285714 1842.857143 0.000000 0.000000 0.000000 1.000000
5114.285714 1928.571429 0.000000 0.000000 0.000000 1.000000
5114.285714 2014.285714 0.000000 0.000000 0.000000 1.000000
5114.285714 2100.000000 0.000000 0.000000 0.000000 1.000000
5114.285714 2185.714286 0.000000 0.000000 0.000000 1.000000
5114.285714 2271.428571 0.000000 0.000000 0.000000 1.000000
5114.285714 2357.142857 0.000000 0.000000 0.000000 1.000000
5114.285714 2442.857143 0.000000 0.000000 0.000000 1.000000
5114.285714 2528.571429 0.000000 0.000000 0.000000 1.000000
5114.285714 2614.285714 0.000000 0.000000 0.000000 1.000000
5114.285714 2700.000000 0.000000 0.000000 0.000000 1.000000
5114.285714 2785.714286 0.000000 0.000000 0.000000 1.000000
5114.285714 728.571429 0.000000 0.000000 0.000000 0.000000
5114.285714 128.571429 0.000000 0.000000 0.000000 1.000000
5114.285714 214.285714 0.000000 0.000000 0.000000 1.000000
5114.285714 300.000000 0.000000 0.000000 0.000000 1.000000
5114.285714 385.714286 0.000000 0.000000 0.000000 1.000000
5114.285714 471.428571 0.000000 0.000000 0.000000 1.000000
5114.285714 557.142857 0.000000 0.000000 0.000000 1.000000
5114.285714 642.857143 0.000000 0.000000 0.000000 1.000000
5114.285714 728.571429 0.000000 0.000000 0.000000 1.000000
5114.285714 814.285714 0.000000 0.000000 0.000000 1.000000
5114.285714 900.000000 0.000000 0.000000 0.000000 1.000000
5114.285714 985.714286 0.000000 0.000000 0.000000 1.000000
5114.285714 1071.428571 0.000000 0.000000 0.000000 1.000000
5114.285714 1157.142857 0.000000 0.000000 0.000000 1.000000
5114.285714 1242.857143 0.000000 0.000000 0.000000 1.000000
5114.285714 1328.571429 0.000000 0.000000 0.000000 1.000000
5114.285714 1414.285714 0.000000 0.000000 0.000000 1.000000
5114.285714 1500.000000 0.000000 0.000000 0.000000 1.000000
5114.285714 1585.714286 0.000000 0.000000 0.000000 1.000000
5114.285714 1671.428571 0.000000 0.000000 0.000000 1.000000
5114.285714 1757.142857 0.000000 0.000000 0.000000 1.000000
5114.285714 1842.857143 0.000000 0.000000 0.000000 1.000000
5114.285714 1928.571429 0.000000 0.000000 0.000000 1.000000
5114.285714 2014.285714 0.000000 0.000000 0.000000 1.000000
5114.285714 2100.000000 0.000000 0.000000 0.000000 1.000000
5114.285714 2185.714286 0.000000 0.000000 0.000000 1.000000
5114.285714 2271.428571 0.000000 0.000000 0.000000 1.000000
5114.285714 2357.142857 0.000000 0.000000 0.000000 1.000000
5114.285714 2442.857143 0.000000 0.000000 0.000000 1.000000
5114.285714 2528.571429 0.000000 0.000000 0.000000 1.000000
5114.285714 2614.285714 0.000000 0.000000 0.000000 1.000000
5114.285714 2700.000000 0.000000 0.000000 0.000000 1.000000
5114.285714 2785.714286 0.000000 0.000000 0.000000 1.000000
5114.285714 814.285714 0.000000 0.000000 0.000000 0.000000
5114.285714 128.571429 0.000000 0.000000 0.000000 1.000000
5114.285714 214.285714 0.000000 0.000000 0.000000 1.000000
5114.285714 300.000000 0.000000 0.000000 0.000000 1.000000
5114.285714 385.714286 0.000000 0.000000 0.000000 1.000000
5114.285714 471.428571 0.000000 0.000000 0.000000 1.000000
5114.285714 557.142857 0.000000 0.000000 0.000000 1.000000
5114.285714 642.857143 0.000000 0.000000 0.000000 1.000000
5114.285714 728.571429 0.000000 0.000000 0.000000 1.000000
5114.285714 814.285714 0.000000 0.000000 0.000000 1.000000
5114.285714 900.000000 0.000000 0.000000 0.000000 1.000000
5114.285714 985.714286 0.000000 0.000000 0.000000 1.000000
5114.285714 1071.428571 0.000000 0.000000 0.000000 1.000000
5114.285714 1157.142857 0.000000 0.000000 0.000000 1.000000
5114.285714 1242.857143 0.000000 0.000000 0.000000 1.000000
5114.285714 1328.571429 0.000000 0.000000 0.000000 1.000000
5114.285714 1414.285714 0.000000 0.000000 0.000000 1.000000
5114.285714 1500.000000 0.000000 0.000000 0.000000 1.000000
5114.285714 1585.714286 0.000000 0.000000 0.000000 1.000000
5114.285714 1671.428571 0.000000 0.000000 0.000000 1.000000
5114.285714 1757.142857 0.000000 0.000000 0.000000 1.000000
5114.285714 1842.857143 0.000000 0.000000 0.000000 1.000000
5114.285714 1928.571429 0.000000 0.000000 0.000000 1.000000
5114.285714 2014.285714 0.000000 0.000000 0.000000 1.000000
5114.285714 2100.000000 0.000000 0.000000 0.000000 1.000000
5114.285714 2185.714286 0.000000 0.000000 0.000000 1.000000
5114.285714 2271.428571 0.000000 0.000000 0.000000 1.000000
5114.285714 2357.142857 0.000000 0.000000 0.000000 1.000000
5114.285714 2442.857143 0.000000 0.000000 0.000000 1.000000
5114.285714 2528.571429 0.000000 0.000000 0.000000 1.000000
5114.285714 2614.285714 0.000000 0.000000 0.000000 1.000000
5114.285714 2700.000000 0.000000 0.000000 0.000000 1.000000
5114.285714 2785.714286 0.000000 0.000000 0.000000 1.000000
5114.285714 900.000000 0.000000 0.000000 0.000000 0.000000
5114.285714 128.571429 0.000000 0.000000 0.000000 1.000000
5114.285714 214.285714 0.000000 0.000000 0.000000 1.000000
5114.285714 300.000000 0.000000 0.000000 0.000000 1.000000
5114.285714 385.714286 0.000000 0.000000 0.000000 1.000000
5114.285714 471.428571 0.000000 0.000000 0.000000 1.000000
5114.285714 557.142857 0.000000 0.000000 0.000000 1.000000
5114.285714 642.857143 0.000000 0.000000 0.000000 1.000000
5114.285714 728.571429 0.000000 0.000000 0.000000 1.000000
5114.285714 814.285714 0.000000 0.000000 0.000000 1.000000
5114.285714 900.000000 0.000000 0.000000 0.000000 1.000000
5114.285714 985.714286 0.000000 0.000000 0.000000 1.000000
5114.285714 1071.428571 0.000000 0.000000 0.000000 1.000000
5114.285714 1157.142857 0.000000 0.000000 0.000000 1.000000
5114.285714 1242.857143 0.000000 0.000000 0.000000 1.000000
5114.285714 1328.571429 0.000000 0.000000 0.000000 1.000000
5114.285714 1414.285714 0.000000 0.000000 0.000000 1.000000
5114.285714 1500.000000 0.000000 0.000000 0.000000 1.000000
5114.285714 1585.714286 0.000000 0.000000 0.000000 1.000000
5114.285714 1671.428571 0.000000 0.000000 0.000000 1.000000
5114.285714 1757.142857 0.000000 0.000000 0.000000 1.000000
5114.285714 1842.857143 0.000000 0.000000 0.000000 1.000000
5114.285714 1928.571429 0.000000 0.000000 0.000000 1.000000
5114.285714 2014.285714 0.000000 0.000000 0.000000 1.000000
5114.285714 2100.000000 0.000000 0.000000 0.000000 1.000000
5114.285714 2185.714286 0.000000 0.000000 0.000000 1.000000
5114.285714 2271.428571 0.000000 0.000000 0.000000 1.000000
5114.285714 2357.142857 0.000000 0.000000 0.000000 1.000000
5114.285714 2442.857143 0.000000 0.000000 0.000000 1.000000
5114.285714 2528.571429 0.000000 0.000000 0.000000 1.000000
5114.285714 2614.285714 0.000000 0.000000 0.000000 1.000000
5114.285714 2700.000000 0.000000 0.000000 0.000000 1.000000
5114.285714 2785.714286 0.000000 0.000000 0.000000 1.000000
5114.285714 985.714286 0.000000 0.000000 0.000000 0.000000
5114.285714 128.571429 0.000000 0.000000 0.000000 1.000000
5114.285714 214.285714 0.000000 0.000000 0.000000 1.000000
5114.285714 300.000000 0.000000 0.000000 0.000000 1.000000
5114.285714 385.714286 0.000000 0.000000 0.000000 1.000000
5114.285714 471.428571 0.000000 0.000000 0.000000 1.000000
5114.285714 557.142857 0.000000 0.000000 0.000000 1.000000
5114.285714 642.857143 0.000000 0.000000 0.000000 1.000000
5114.285714 728.571429 0.000000 0.000000 0.000000 1.000000
5114.285714 814.285714 0.000000 0.000000 0.000000 1.000000
5114.285714 900.000000 0.000000 0.000000 0.000000 1.000000
5114.285714 985.714286 0.000000 0.000000 0.000000 1.000000
5114.285714 1071.428571 0.000000 0.000000 0.000000 1.000000
5114.285714 1157.142857 0.000000 0.000000 0.000000 1.000000
5114.285714 1242.857143 0.000000 0.000000 0.000000 1.000000
5114.285714 1328.571429 0.000000 0.000000 0.000000 1.000000
5114.285714 1414.285714 0.000000 0.000000 0.000000 1.000000
5114.285714 1500.000000 0.000000 0.000000 0.000000 1.000000
5114.285714 1585.714286 0.000000 0.000000 0.000000 1.000000
5114.285714 1671.428571 0.000000 0.000000 0.000000 1.000000
5114.285714 1757.142857 0.000000 0.000000 0.000000 1.000000
5114.285714 1842.857143 0.000000 0.000000 0.000000 1.000000
5114.285714 1928.571429 0.000000 0.000000 0.000000 1.000000
5114.285714 2014.285714 0.000000 0.000000 0.000000 1.000000
5114.285714 2100.000000 0.000000 0.000000 0.000000 1.000000
5114.285714 2185.714286 0.000000 0.000000 0.000000 1.000000
5114.285714 2271.428571 0.000000 0.000000 0.000000 1.000000
5114.285714 2357.142857 0.000000 0.000000 0.000000 1.000000
5114.285714 2442.857143 0.000000 0.000000 0.000000 1.000000
5114.285714 2528.571429 0.000000 0.000000 0.000000 1.000000
5114.285714 2614.285714 0.000000 0.000000 0.000000 1.000000
5114.285714 2700.000000 0.000000 0.000000 0.000000 1.000000
5114.285714 2785.714286 0.000000 0.000000 0.000000 1.000000
5114.285714 1071.428571 0.000000 0.000000 0.000000 0.000000
5114.285714 128.571429 0.000000 0.000000 0.000000 1.000000
5114.285714 214.285714 0.000000 0.000000 0.000000 1.000000
5114.285714 300.000000 0.000000 0.000000 0.000000 1.000000
5114.285714 385.714286 0.000000 0.000000 0.000000 1.000000
5114.285714 471.428571 0.000000 0.000000 0.000000 1.000000
5114.285714 557.142857 0.000000 0.000000 0.000000 1.000000
5114.285714 642.857143 0.000000 0.000000 0.000000 1.000000
5114.285714 728.571429 0.000000 0.000000 0.000000 1.000000
5114.285714 814.285714 0.000000 0.000000 0.000000 1.000000
5114.285714 900.000000 0.000000 0.000000 0.000000 1.000000
5114.285714 985.714286 0.000000 0.000000 0.000000 1.000000
5114.285714 1071.428571 0.000000 0.000000 0.000000 1.000000
5114.285714 1157.142857 0.000000 0.000000 0.000000 1.000000
5114.285714 1242.857143 0.000000 0.000000 0.000000 1.000000
5114.285714 1328.571429 0.000000 0.000000 0.000000 1.000000
5114.285714 1414.285714 0.000000 0.000000 0.000000 1.000000
5114.285714 1500.000000 0.000000 0.000000 0.000000 1.000000
5114.285714 1585.714286 0.000000 0.000000 0.000000 1.000000
5114.285714 1671.428571 0.000000 0.000000 0.000000 1.000000
5114.285714 1757.142857 0.000000 0.000000 0.000000 1.000000
5114.285714 1842.857143 0.000000 0.000000 0.000000 1.000000
5114.285714 1928.571429 0.000000 0.000000 0.000000 1.000000
5114.285714 2014.285714 0.000000 0.000000 0.000000 1.000000
5114.285714 2100.000000 0.000000 0.000000 0.000000 1.000000
5114.285714 2185.714286 0.000000 0.000000 0.000000 1.000000
5114.285714 2271.428571 0.000000 0.000000 0.000000 1.000000
5114.285714 2357.142857 0.000000 0.000000 0.000000 1.000000
5114.285714 2442.857143 0.000000 0.000000 0.000000 1.000000
5114.285714 2528.571429 0.000000 0.000000 0.000000 1.000000
5114.285714 2614.285714 0.000000 0.000000 0.000000 1.000000
5114.285714 2700.000000 0.000000 0.000000 0.000000 1.000000
5114.285714 2785.714286 0.000000 0.000000 0.000000 1.000000
5114.285714 1157.142857 0.000000 0.000000 0.000000 0.000000
5114.285714 128.571429 0.000000 0.000000 0.000000 1.000000
5114.285714 214.285714 0.000000 0.000000 0.000000 1.000000
5114.285714 300.000000 0.000000 0.000000 0.000000 1.000000
5114.285714 385.714286 0.000000 0.000000 0.000000 1.000000
5114.285714 471.428571 0.000000 0.000000 0.000000 1.000000
5114.285714 557.142857 0.000000 0.000000 0.000000 1.000000
5114.285714 642.857143 0.000000 0.000000 0.000000 1.000000
5114.285714 728.571429 0.000000 0.000000 0.000000 1.000000
5114.285714 814.285714 0.000000 0.000000 0.000000 1.000000
5114.285714 900.000000 0.000000 0.000000 0.000000 1.000000
5114.285714 985.714286 0.000000 0.000000 0.000000 1.000000
5114.285714 1071.428571 0.000000 0.000000 0.000000 1.000000
5114.285714 1157.142857 0.000000 0.000000 0.000000 1.000000
5114.285714 1242.857143 0.000000 0.000000 0.000000 1.000000
5114.285714 1328.571429 0.000000 0.000000 0.000000 1.000000
5114.285714 1414.285714 0.000000 0.000000 0.000000 1.000000
5114.285714 1500.000000 0.000000 0.000000 0.000000 1.000000
5114.285714 1585.714286 0.000000 0.000000 0.000000 1.000000
5114.285714 1671.428571 0.000000 0.000000 0.000000 1.000000
5114.285714 1757.142857 0.000000 0.000000 0.000000 1.000000
5114.285714 1842.857143 0.000000 0.000000 0.000000 1.000000
5114.285714 1928.571429 0.000000 0.000000 0.000000 1.000000
5114.285714 2014.285714 0.000000 0.000000 0.000000 1.000000
5114.285714 2100.000000 0.000000 0.000000 0.000000 1.000000
5114.285714 2185.714286 0.000000 0.000000 0.000000 1.000000
5114.285714 2271.428571 0.000000 0.000000 0.000000 1.000000
5114.285714 2357.142857 0.000000 0.000000 0.000000 1.000000
5114.285714 2442.857143 0.000000 0.000000 0.000000 1.000000
5114.285714 2528.571429 0.000000 0.000000 0.000000 1.000000
5114.285714 2614.285714 0.000000 0.000000 0.000000 1.000000
5114.285714 2700.000000 0.000000 0.000000 0.000000 1.000000
5114.285714 2785.714286 0.000000 0.000000 0.000000 1.000000
5114.285714 1242.857143 0.000000 0.000000 0.000000 0.000000
5114.285714 128.571429 0.000000 0.000000 0.000000 1.000000
5114.285714 214.285714 0.000000 0.000000 0.000000 1.000000
5114.285714 300.000000 0.000000 0.000000 0.000000 1.000000
5114.285714 385.714286 0.000000 0.000000 0.000000 1.000000
5114.285714 471.428571 0.000000 0.000000 0.000000 1.000000
5114.285714 557.142857 0.000000 0.000000 0.000000 1.000000
5114.285714 642.857143 0.000000 0.000000 0.000000 1.000000
5114.285714 728.571429 0.000000 0.000000 0.000000 1.000000
5114.285714 814.285714 0.000000 0.000000 0.000000 1.000000
5114.285714 900.000000 0.000000 0.000000 0.000000 1.000000
5114.285714 985.714286 0.000000 0.000000 0.000000 1.000000
5114.285714 1071.428571 0.000000 0.000000 0.000000 1.000000
5114.285714 1157.142857 0.000000 0.000000 0.000000 1.000000
5114.285714 1242.857143 0.000000 0.000000 0.000000 1.000000
5114.285714 1328.571429 0.000000 0.000000 0.000000 1.000000
5114.285714 1414.285714 0.000000 0.000000 0.000000 1.000000
5114.285714 1500.000000 0.000000 0.000000 0.000000 1.000000
5114.285714 1585.714286 0.000000 0.000000 0.000000 1.000000
5114.285714 1671.428571 0.000000 0.000000 0.000000 1.000000
5114.285714 1757.142857 0.000000 0.000000 0.000000 1.000000
5114.285714 1842.857143 0.000000 0.000000 0.000000 1.000000
5114.285714 1928.571429 0.000000 0.000000 0.000000 1.000000
5114.285714 2014.285714 0.000000 0.000000 0.000000 1.000000
5114.285714 2100.000000 0.000000 0.000000 0.000000 1.000000
5114.285714 2185.714286 0.000000 0.000000 0.000000 1.000000
5114.285714 2271.428571 0.000000 0.000000 0.000000 1.000000
5114.285714 2357.142857 0.000000 0.000000 0.000000 1.000000
5114.285714 2442.857143 0.000000 0.000000 0.000000 1.000000
5114.285714 2528.571429 0.000000 0.000000 0.000000 1.000000
5114.285714 2614.285714 0.000000 0.000000 0.000000 1.000000
5114.285714 2700.000000 0.000000 0.000000 0.000000 1.000000
5114.285714 2785.714286 0.000000 0.000000 0.000000 1.000000
5114.285714 1328.571429 0.000000 0.000000 0.000000 0.000000
5114.285714 128.571429 0.000000 0.000000 0.000000 1.000000
5114.285714 214.285714 0.000000 0.000000 0.000000 1.000000
5114.285714 300.000000 0.000000 0.000000 0.000000 1.000000
5114.285714 385.714286 0.000000 0.000000 0.000000 1.000000
5114.285714 471.428571 0.000000 0.000000 0.000000 1.000000
5114.285714 557.142857 0.000000 0.000000 0.000000 1.000000
5114.285714 642.857143 0.000000 0.000000 0.000000 1.000000
5114.285714 728.571429 0.000000 0.000000 0.000000 1.000000
5114.285714 814.285714 0.000000 0.000000 0.000000 1.000000
5114.285714 900.000000 0.000000 0.000000 0.000000 1.000000
5114.285714 985.714286 0.000000 0.000000 0.000000 1.000000
5114.285714 1071.428571 0.000000 0.000000 0.000000 1.000000
5114.285714 1157.142857 0.000000 0.000000 0.000000 1.000000
5114.285714 1242.857143 0.000000 0.000000 0.000000 1.000000
5114.285714 1328.571429 0.000000 0.000000 0.000000 1.000000
5114.285714 1414.285714 0.000000 0.000000 0.000000 1.000000
5114.285714 1500.000000 0.000000 0.000000 0.000000 1.000000
5114.285714 1585.714286 0.000000 0.000000 0.000000 1.000000
5114.285714 1671.428571 0.000000 0.000000 0.000000 1.000000
5114.285714 1757.142857 0.000000 0.000000 0.000000 1.000000
5114.285714 1842.857143 0.000000 0.000000 0.000000 1.000000
5114.285714 1928.571429 0.000000 0.000000 0.000000 1.000000
5114.285714 2014.285714 0.000000 0.000000 0.000000 1.000000
5114.285714 2100.000000 0.000000 0.000000 0.000000 1.000000
5114.285714 2185.714286 0.000000 0.000000 0.000000 1.000000
5114.285714 2271.428571 0.000000 0.000000 0.000000 1.000000
5114.285714 2357.142857 0.000000 0.000000 0.000000 1.000000
5114.285714 2442.857143 0.000000 0.000000 0.000000 1.000000
5114.285714 2528.571429 0.000000 0.000000 0.000000 1.000000
5114.285714 2614.285714 0.000000 0.000000 0.000000 1.000000
5114.285714 2700.000000 0.000000 0.000000 0.000000 1.000000
5114.285714 2785.714286 0.000000 0.000000 0.000000 1.000000
5114.285714 1414.285714 0.000000 0.000000 0.000000 0.000000
5114.285714 128.571429 0.000000 0.000000 0.000000 1.000000
5114.285714 214.285714 0.000000 0.000000 0.000000 1.000000
5114.285714 300.000000 0.000000 0.000000 0.000000 1.000000
5114.285714 385.714286 0.000000 0.000000 0.000000 1.000000
5114.285714 471.428571 0.000000 0.000000 0.000000 1.000000
5114.285714 557.142857 0.000000 0.000000 0.000000 1.000000
5114.285714 642.857143 0.000000 0.000000 0.000000 1.000000
5114.285714 728.571429 0.000000 0.000000 0.000000 1.000000
5114.285714 814.285714 0.000000 0.000000 0.000000 1.000000
5114.285714 900.000000 0.000000 0.000000 0.000000 1.000000
5114.285714 985.714286 0.000000 0.000000 0.000000 1.000000
5114.285714 1071.428571 0.000000 0.000000 0.000000 1.000000
5114.285714 1157.142857 0.000000 0.000000 0.000000 1.000000
5114.285714 1242.857143 0.000000 0.000000 0.000000 1.000000
5114.285714 1328.571429 0.000000 0.000000 0.000000 1.000000
5114.285714 1414.285714 0.000000 0.000000 0.000000 1.000000
5114.285714 1500.000000 0.000000 0.000000 0.000000 1.000000
5114.285714 1585.714286 0.000000 0.000000 0.000000 1.000000
5114.285714 1671.428571 0.000000 0.000000 0.000000 1.000000
5114.285714 1757.142857 0.000000 0.000000 0.000000 1.000000
5114.285714 1842.857143 0.000000 0.000000 0.000000 1.000000
5114.285714 1928.571429 0.000000 0.000000 0.000000 1.000000
5114.285714 2014.285714 0.000000 0.000000 0.000000 1.000000
5114.285714 2100.000000 0.000000 0.000000 0.000000 1.000000
5114.285714 2185.714286 0.000000 0.000000 0.000000 1.000000
5114.285714 2271.428571 0.000000 0.000000 0.000000 1.000000
5114.285714 2357.142857 0.000000 0.000000 0.000000 1.000000
5114.285714 2442.857143 0.000000 0.000000 0.000000 1.000000
5114.285714 2528.571429 0.000000 0.000000 0.000000 1.000000
5114.285714 2614.285714 0.000000 0.000000 0.000000 1.000000
5114.285714 2700.000000 0.000000 0.000000 0.000000 1.000000
5114.285714 2785.714286 0.000000 0.000000 0.000000 1.000000
5114.285714 1500.000000 0.000000 0.000000 0.000000 0.000000
5114.285714 128.571429 0.000000 0.000000 0.000000 1.000000
5114.285714 214.285714 0.000000 0.000000 0.000000 1.000000
5114.285714 300.000000 0.000000 0.000000 0.000000 1.000000
5114.285714 385.714286 0.000000 0.000000 0.000000 1.000000
5114.285714 471.428571 0.000000 0.000000 0.000000 1.000000
5114.285714 557.142857 0.000000 0.000000 0.000000 1.000000
5114.285714 642.857143 0.000000 0.000000 0.000000 1.000000
5114.285714 728.571429 0.000000 0.000000 0.000000 1.000000
5114.285714 814.285714 0.000000 0.000000 0.000000 1.000000
5114.285714 900.000000 0.000000 0.000000 0.000000 1.000000
5114.285714 985.714286 0.000000 0.000000 0.000000 1.000000
5114.285714 1071.428571 0.000000 0.000000 0.000000 1.000000
5114.285714 1157.142857 0.000000 0.000000 0.000000 1.000000
5114.285714 1242.857143 0.000000 0.000000 0.000000 1.000000
5114.285714 1328.571429 0.000000 0.000000 0.000000 1.000000
5114.285714 1414.285714 0.000000 0.000000 0.000000 1.000000
5114.285714 1500.000000 0.000000 0.000000 0.000000 1.000000
5114.285714 1585.714286 0.000000 0.000000 0.000000 1.000000
5114.285714 1671.428571 0.000000 0.000000 0.000000 1.000000
5114.285714 1757.142857 0.000000 0.000000 0.000000 1.000000
5114.285714 1842.857143 0.000000 0.000000 0.000000 1.000000
5114.285714 1928.571429 0.000000 0.000000 0.000000 1.000000
5114.285714 2014.285714 0.000000 0.000000 0.000000 1.000000
5114.285714 2100.000000 0.000000 0.000000 0.000000 1.000000
5114.285714 2185.714286 0.000000 0.000000 0.000000 1.000000
5114.285714 2271.428571 0.000000 0.000000 0.000000 1.000000
5114.285714 2357.142857 0.000000 0.000000 0.000000 1.000000
5114.285714 2442.857143 0.000000 0.000000 0.000000 1.000000
5114.285714 2528.571429 0.000000 0.000000 0.000000 1.000000
5114.285714 2614.285714 0.000000 0.000000 0.000000 1.000000
5114.285714 2700.000000 0.000000 0.000000 0.000000 1.000000
5114.285714 2785.714286 0.000000 0.000000 0.000000 1.000000
5114.285714 1585.714286 0.000000 0.000000 0.000000 0.000000
5114.285714 128.571429 0.000000 0.000000 0.000000 1.000000
5114.285714 214.285714 0.000000 0.000000 0.000000 1.000000
5114.285714 300.000000 0.000000 0.000000 0.000000 1.000000
5114.285714 385.714286 0.000000 0.000000 0.000000 1.000000
5114.285714 471.428571 0.000000 0.000000 0.000000 1.000000
5114.285714 557.142857 0.000000 0.000000 0.000000 1.000000
5114.285714 642.857143 0.000000 0.000000 0.000000 1.000000
5114.285714 728.571429 0.000000 0.000000 0.000000 1.000000
5114.285714 814.285714 0.000000 0.000000 0.000000 1.000000
5114.285714 900.000000 0.000000 0.000000 0.000000 1.000000
5114.285714 985.714286 0.000000 0.000000 0.000000 1.000000
5114.285714 1071.428571 0.000000 0.000000 0.000000 1.000000
5114.285714 1157.142857 0.000000 0.000000 0.000000 1.000000
5114.285714 1242.857143 0.000000 0.000000 0.000000 1.000000
5114.285714 1328.571429 0.000000 0.000000 0.000000 1.000000
5114.285714 1414.285714 0.000000 0.000000 0.000000 1.000000
5114.285714 1500.000000 0.000000 0.000000 0.000000 1.000000
5114.285714 1585.714286 0.000000 0.000000 0.000000 1.000000
5114.285714 1671.428571 0.000000 0.000000 0.000000 1.000000
5114.285714 1757.142857 0.000000 0.000000 0.000000 1.000000
5114.285714 1842.857143 0.000000 0.000000 0.000000 1.000000
5114.285714 1928.571429 0.000000 0.000000 0.000000 1.000000
5114.285714 2014.285714 0.000000 0.000000 0.000000 1.000000
5114.285714 2100.000000 0.000000 0.000000 0.000000 1.000000
5114.285714 2185.714286 0.000000 0.000000 0.000000 1.000000
5114.285714 2271.428571 0.000000 0.000000 0.000000 1.000000
5114.285714 2357.142857 0.000000 0.000000 0.000000 1.000000
5114.285714 2442.857143 0.000000 0.000000 0.000000 1.000000
5114.285714 2528.571429 0.000000 0.000000 0.000000 1.000000
5114.285714 2614.285714 0.000000 0.000000 0.000000 1.000000
5114.285714 2700.000000 0.000000 0.000000 0.000000 1.000000
5114.285714 2785.714286 0.000000 0.000000 0.000000 1.000000
5114.285714 1671.428571 0.000000 0.000000 0.000000 0.000000
5114.285714 128.571429 0.000000 0.000000 0.000000 1.000000
5114.285714 214.285714 0.000000 0.000000 0.000000 1.000000
5114.285714 300.000000 0.000000 0.000000 0.000000 1.000000
5114.285714 385.714286 0.000000 0.000000 0.000000 1.000000
5114.285714 471.428571 0.000000 0.000000 0.000000 1.000000
5114.285714 557.142857 0.000000 0.000000 0.000000 1.000000
5114.285714 642.857143 0.000000 0.000000 0.000000 1.000000
5114.285714 728.571429 0.000000 0.000000 0.000000 1.000000
5114.285714 814.285714 0.000000 0.000000 0.000000 1.000000
5114.285714 900.000000 0.000000 0.000000 0.000000 1.000000
5114.285714 985.714286 0.000000 0.000000 0.000000 1.000000
5114.285714 1071.428571 0.000000 0.000000 0.000000 1.000000
5114.285714 1157.142857 0.000000 0.000000 0.000000 1.000000
5114.285714 1242.857143 0.000000 0.000000 0.000000 1.000000
5114.285714 1328.571429 0.000000 0.000000 0.000000 1.000000
5114.285714 1414.285714 0.000000 0.000000 0.000000 1.000000
5114.285714 1500.000000 0.000000 0.000000 0.000000 1.000000
5114.285714 1585.714286 0.000000 0.000000 0.000000 1.000000
5114.285714 1671.428571 0.000000 0.000000 0.000000 1.000000
5114.285714 1757.142857 0.000000 0.000000 0.000000 1.000000
5114.285714 1842.857143 0.000000 0.000000 0.000000 1.000000
5114.285714 1928.571429 0.000000 0.000000 0.000000 1.000000
5114.285714 2014.285714 0.000000 0.000000 0.000000 1.000000
5114.285714 2100.000000 0.000000 0.000000 0.000000 1.000000
5114.285714 2185.714286 0.000000 0.000000 0.000000 1.000000
5114.285714 2271.428571 0.000000 0.000000 0.000000 1.000000
5114.285714 2357.142857 0.000000 0.000000 0.000000 1.000000
5114.285714 2442.857143 0.000000 0.000000 0.000000 1.000000
5114.285714 2528.571429 0.000000 0.000000 0.000000 1.000000
5114.285714 2614.285714 0.000000 0.000000 0.000000 1.000000
5114.285714 2700.000000 0.000000 0.000000 0.000000 1.000000
5114.285714 2785.714286 0.000000 0.000000 0.000000 1.000000
5114.285714 1757.142857 0.000000 0.000000 0.000000 0.000000
5114.285714 128.571429 0.000000 0.000000 0.000000 1.000000
5114.285714 214.285714 0.000000 0.000000 0.000000 1.000000
5114.285714 300.000000 0.000000 0.000000 0.000000 1.000000
5114.285714 385.714286 0.000000 0.000000 0.000000 1.000000
5114.285714 471.428571 0.000000 0.000000 0.000000 1.000000
5114.285714 557.142857 0.000000 0.000000 0.000000 1.000000
5114.285714 642.857143 0.000000 0.000000 0.000000 1.000000
5114.285714 728.571429 0.000000 0.000000 0.000000 1.000000
5114.285714 814.285714 0.000000 0.000000 0.000000 1.000000
5114.285714 900.000000 0.000000 0.000000 0.000000 1.000000
5114.285714 985.714286 0.000000 0.000000 0.000000 1.000000
5114.285714 1071.428571 0.000000 0.000000 0.000000 1.000000
5114.285714 1157.142857 0.000000 0.000000 0.000000 1.000000
5114.285714 1242.857143 0.000000 0.000000 0.000000 1.000000
5114.285714 1328.571429 0.000000 0.000000 0.000000 1.000000
5114.285714 1414.285714 0.000000 0.000000 0.000000 1.000000
5114.285714 1500.000000 0.000000 0.000000 0.000000 1.000000
5114.285714 1585.714286 0.000000 0.000000 0.000000 1.000000
5114.285714 1671.428571 0.000000 0.000000 0.000000 1.000000
5114.285714 1757.142857 0.000000 0.000000 0.000000 1.000000
5114.285714 1842.857143 0.000000 0.000000 0.000000 1.000000
5114.285714 1928.571429 0.000000 0.000000 0.000000 1.000000
5114.285714 2014.285714 0.000000 0.000000 0.000000 1.000000
5114.285714 2100.000000 0.000000 0.000000 0.000000 1.000000
5114.285714 2185.714286 0.000000 0.000000 0.000000 1.000000
5114.285714 2271.428571 0.000000 0.000000 0.000000 1.000000
5114.285714 2357.142857 0.000000 0.000000 0.000000 1.000000
5114.285714 2442.857143 0.000000 0.000000 0.000000 1.000000
5114.285714 2528.571429 0.000000 0.000000 0.000000 1.000000
5114.285714 2614.285714 0.000000 0.000000 0.000000 1.000000
5114.285714 2700.000000 0.000000 0.000000 0.000000 1.000000
5114.285714 2785.714286 0.000000 0.000000 0.000000 1.000000
5114.285714 1842.857143 0.000000 0.000000 0.000000 0.000000
5114.285714 128.571429 0.000000 0.000000 0.000000 1.000000
5114.285714 214.285714 0.000000 0.000000 0.000000 1.000000
5114.285714 300.000000 0.000000 0.000000 0.000000 1.000000
5114.285714 385.714286 0.000000 0.000000 0.000000 1.000000
5114.285714 471.428571 0.000000 0.000000 0.000000 1.000000
5114.285714 557.142857 0.000000 0.000000 0.000000 1.000000
5114.285714 642.857143 0.000000 0.000000 0.000000 1.000000
5114.285714 728.571429 0.000000 0.000000 0.000000 1.000000
5114.285714 814.285714 0.000000 0.000000 0.000000 1.000000
5114.285714 900.000000 0.000000 0.000000 0.000000 1.000000
5114.285714 985.714286 0.000000 0.000000 0.000000 1.000000
5114.285714 1071.428571 0.000000 0.000000 0.000000 1.000000
5114.285714 1157.142857 0.000000 0.000000 0.000000 1.000000
5114.285714 1242.857143 0.000000 0.000000 0.000000 1.000000
5114.285714 1328.571429 0.000000 0.000000 0.000000 1.000000
5114.285714 1414.285714 0.000000 0.000000 0.000000 1.000000
5114.285714 1500.000000 0.000000 0.000000 0.000000 1.000000
5114.285714 1585.714286 0.000000 0.000000 0.000000 1.000000
5114.285714 1671.428571 0.000000 0.000000 0.000000 1.000000
5114.285714 1757.142857 0.000000 0.000000 0.000000 1.000000
5114.285714 1842.857143 0.000000 0.000000 0.000000 1.000000
5114.285714 1928.571429 0.000000 0.000000 0.000000 1.000000
5114.285714 2014.285714 0.000000 0.000000 0.000000 1.000000
5114.285714 2100.000000 0.000000 0.000000 0.000000 1.000000
5114.285714 2185.714286 0.000000 0.000000 0.000000 1.000000
5114.285714 2271.428571 0.000000 0.000000 0.000000 1.000000
5114.285714 2357.142857 0.000000 0.000000 0.000000 1.000000
5114.285714 2442.857143 0.000000 0.000000 0.000000 1.000000
5114.285714 2528.571429 0.000000 0.000000 0.000000 1.000000
5114.285714 2614.285714 0.000000 0.000000 0.000000 1.000000
5114.285714 2700.000000 0.000000 0.000000 0.000000 1.000000
5114.285714 2785.714286 0.000000 0.000000 0.000000 1.000000
5114.285714 1928.571429 0.000000 0.000000 0.000000 0.000000
5114.285714 128.571429 0.000000 0.000000 0.000000 1.000000
5114.285714 214.285714 0.000000 0.000000 0.000000 1.000000
5114.285714 300.000000 0.000000 0.000000 0.000000 1.000000
5114.285714 385.714286 0.000000 0.000000 0.000000 1.000000
5114.285714 471.428571 0.000000 0.000000 0.000000 1.000000
5114.285714 557.142857 0.000000 0.000000 0.000000 1.000000
5114.285714 642.857143 0.000000 0.000000 0.000000 1.000000
5114.285714 728.571429 0.000000 0.000000 0.000000 1.000000
5114.285714 814.285714 0.000000 0.000000 0.000000 1.000000
5114.285714 900.000000 0.000000 0.000000 0.000000 1.000000
5114.285714 985.714286 0.000000 0.000000 0.000000 1.000000
5114.285714 1071.428571 0.000000 0.000000 0.000000 1.000000
5114.285714 1157.142857 0.000000 0.000000 0.000000 1.000000
5114.285714 1242.857143 0.000000 0.000000 0.000000 1.000000
5114.285714 1328.571429 0.000000 0.000000 0.000000 1.000000
5114.285714 1414.285714 0.000000 0.000000 0.000000 1.000000
5114.285714 1500.000000 0.000000 0.000000 0.000000 1.000000
5114.285714 1585.714286 0.000000 0.000000 0.000000 1.000000
5114.285714 1671.428571 0.000000 0.000000 0.000000 1.000000
5114.285714 1757.142857 0.000000 0.000000 0.000000 1.000000
5114.285714 1842.857143 0.000000 0.000000 0.000000 1.000000
5114.285714 1928.571429 0.000000 0.000000 0.000000 1.000000
5114.285714 2014.285714 0.000000 0.000000 0.000000 1.000000
5114.285714 2100.000000 0.000000 0.000000 0.000000 1.000000
5114.285714 2185.714286 0.000000 0.000000 0.000000 1.000000
5114.285714 2271.428571 0.000000 0.000000 0.000000 1.000000
5114.285714 2357.142857 0.000000 0.000000 0.000000 1.000000
5114.285714 2442.857143 0.000000 0.000000 0.000000 1.000000
5114.285714 2528.571429 0.000000 0.000000 0.000000 1.000000
5114.285714 2614.285714 0.000000 0.000000 0.000000 1.000000
5114.285714 2700.000000 0.000000 0.000000 0.000000 1.000000
5114.285714 2785.714286 0.000000 0.000000 0.000000 1.000000
5114.285714 2014.285714 0.000000 0.000000 0.000000 0.000000
5114.285714 128.571429 0.000000 0.000000 0.000000 1.000000
5114.285714 214.285714 0.000000 0.000000 0.000000 1.000000
5114.285714 300.000000 0.000000 0.000000 0.000000 1.000000
5114.285714 385.714286 0.000000 0.000000 0.000000 1.000000
5114.285714 471.428571 0.000000 0.000000 0.000000 1.000000
5114.285714 557.142857 0.000000 0.000000 0.000000 1.000000
5114.285714 642.857143 0.000000 0.000000 0.000000 1.000000
5114.285714 728.571429 0.000000 0.000000 0.000000 1.000000
5114.285714 814.285714 0.000000 0.000000 0.000000 1.000000
5114.285714 900.000000 0.000000 0.000000 0.000000 1.000000
5114.285714 985.714286 0.000000 0.000000 0.000000 1.000000
5114.285714 1071.428571 0.000000 0.000000 0.000000 1.000000
5114.285714 1157.142857 0.000000 0.000000 0.000000 1.000000
5114.285714 1242.857143 0.000000 0.000000 0.000000 1.000000
5114.285714 1328.571429 0.000000 0.000000 0.000000 1.000000
5114.285714 1414.285714 0.000000 0.000000 0.000000 1.000000
5114.285714 1500.000000 0.000000 0.000000 0.000000 1.000000
5114.285714 1585.714286 0.000000 0.000000 0.000000 1.000000
5114.285714 1671.428571 0.000000 0.000000 0.000000 1.000000
5114.285714 1757.142857 0.000000 0.000000 0.000000 1.000000
5114.285714 1842.857143 0.000000 0.000000 0.000000 1.000000
5114.285714 1928.571429 0.000000 0.000000 0.000000 1.000000
5114.285714 2014.285714 0.000000 0.000000 0.000000 1.000000
5114.285714 2100.000000 0.000000 0.000000 0.000000 1.000000
5114.285714 2185.714286 0.000000 0.000000 0.000000 1.000000
5114.285714 2271.428571 0.000000 0.000000 0.000000 1.000000
5114.285714 2357.142857 0.000000 0.000000 0.000000 1.000000
5114.285714 2442.857143 0.000000 0.000000 0.000000 1.000000
5114.285714 2528.571429 0.000000 0.000000 0.000000 1.000000
5114.285714 2614.285714 0.000000 0.000000 0.000000 1.000000
5114.285714 2700.000000 0.000000 0.000000 0.000000 1.000000
5114.285714 2785.714286 0.000000 0.000000 0.000000 1.000000
5114.285714 2100.000000 0.000000 0.000000 0.000000 0.000000
5114.285714 128.571429 0.000000 0.000000 0.000000 1.000000
5114.285714 214.285714 0.000000 0.000000 0.000000 1.000000
5114.285714 300.000000 0.000000 0.000000 0.000000 1.000000
5114.285714 385.714286 0.000000 0.000000 0.000000 1.000000
5114.285714 471.428571 0.000000 0.000000 0.000000 1.000000
5114.285714 557.142857 0.000000 0.000000 0.000000 1.000000
5114.285714 642.857143 0.000000 0.000000 0.000000 1.000000
5114.285714 728.571429 0.000000 0.000000 0.000000 1.000000
5114.285714 814.285714 0.000000 0.000000 0.000000 1.000000
5114.285714 900.000000 0.000000 0.000000 0.000000 1.000000
5114.285714 985.714286 0.000000 0.000000 0.000000 1.000000
5114.285714 1071.428571 0.000000 0.000000 0.000000 1.000000
5114.285714 1157.142857 0.000000 0.000000 0.000000 1.000000
5114.285714 1242.857143 0.000000 0.000000 0.000000 1.000000
5114.285714 1328.571429 0.000000 0.000000 0.000000 1.000000
5114.285714 1414.285714 0.000000 0.000000 0.000000 1.000000
5114.285714 1500.000000 0.000000 0.000000 0.000000 1.000000
5114.285714 1585.714286 0.000000 0.000000 0.000000 1.000000
5114.285714 1671.428571 0.000000 0.000000 0.000000 1.000000
5114.285714 1757.142857 0.000000 0.000000 0.000000 1.000000
5114.285714 1842.857143 0.000000 0.000000 0.000000 1.000000
5114.285714 1928.571429 0.000000 0.000000 0.000000 1.000000
5114.285714 2014.285714 0.000000 0.000000 0.000000 1.000000
5114.285714 2100.000000 0.000000 0.000000 0.000000 1.000000
5114.285714 2185.714286 0.000000 0.000000 0.000000 1.000000
5114.285714 2271.428571 0.000000 0.000000 0.000000 1.000000
5114.285714 2357.142857 0.000000 0.000000 0.000000 1.000000
5114.285714 2442.857143 0.000000 0.000000 0.000000 1.000000
5114.285714 2528.571429 0.000000 0.000000 0.000000 1.000000
5114.285714 2614.285714 0.000000 0.000000 0.000000 1.000000
5114.285714 2700.000000 0.000000 0.000000 0.000000 1.000000
5114.285714 2785.714286 0.000000 0.000000 0.000000 1.000000
5114.285714 2185.714286 0.000000 0.000000 0.000000 0.000000
5114.285714 128.571429 0.000000 0.000000 0.000000 1.000000
5114.285714 214.285714 0.000000 0.000000 0.000000 1.000000
5114.285714 300.000000 0.000000 0.000000 0.000000 1.000000
5114.285714 385.714286 0.000000 0.000000 0.000000 1.000000
5114.285714 471.428571 0.000000 0.000000 0.000000 1.000000
5114.285714 557.142857 0.000000 0.000000 0.000000 1.000000
5114.285714 642.857143 0.000000 0.000000 0.000000 1.000000
5114.285714 728.571429 0.000000 0.000000 0.000000 1.000000
5114.285714 814.285714 0.000000 0.000000 0.000000 1.000000
5114.285714 900.000000 0.000000 0.000000 0.000000 1.000000
5114.285714 985.714286 0.000000 0.000000 0.000000 1.000000
5114.285714 1071.428571 0.000000 0.000000 0.000000 1.000000
5114.285714 1157.142857 0.000000 0.000000 0.000000 1.000000
5114.285714 1242.857143 0.000000 0.000000 0.000000 1.000000
5114.285714 1328.571429 0.000000 0.000000 0.000000 1.000000
5114.285714 1414.285714 0.000000 0.000000 0.000000 1.000000
5114.285714 1500.000000 0.000000 0.000000 0.000000 1.000000
5114.285714 1585.714286 0.000000 0.000000 0.000000 1.000000
5114.285714 1671.428571 0.000000 0.000000 0.000000 1.000000
5114.285714 1757.142857 0.000000 0.000000 0.000000 1.000000
5114.285714 1842.857143 0.000000 0.000000 0.000000 1.000000
5114.285714 1928.571429 0.000000 0.000000 0.000000 1.000000
5114.285714 2014.285714 0.000000 0.000000 0.000000 1.000000
5114.285714 2100.000000 0.000000 0.000000 0.000000 1.000000
5114.285714 2185.714286 0.000000 0.000000 0.000000 1.000000
5114.285714 2271.428571 0.000000 0.000000 0.000000 1.000000
5114.285714 2357.142857 0.000000 0.000000 0.000000 1.000000
5114.285714 2442.857143 0.000000 0.000000 0.000000 1.000000
5114.285714 2528.571429 0.000000 0.000000 0.000000 1.000000
5114.285714 2614.285714 0.000000 0.000000 0.000000 1.000000
5114.285714 2700.000000 0.000000 0.000000 0.000000 1.000000
5114.285714 2785.714286 0.000000 0.000000 0.000000 1.000000
5114.285714 2271.428571 0.000000 0.000000 0.000000 0.000000
5114.285714 128.571429 0.000000 0.000000 0.000000 1.000000
5114.285714 214.285714 0.000000 0.000000 0.000000 1.000000
5114.285714 300.000000 0.000000 0.000000 0.000000 1.000000
5114.285714 385.714286 0.000000 0.000000 0.000000 1.000000
5114.285714 471.428571 0.000000 0.000000 0.000000 1.000000
5114.285714 557.142857 0.000000 0.000000 0.000000 1.000000
5114.285714 642.857143 0.000000 0.000000 0.000000 1.000000
5114.285714 728.571429 0.000000 0.000000 0.000000 1.000000
5114.285714 814.285714 0.000000 0.000000 0.000000 1.000000
5114.285714 900.000000 0.000000 0.000000 0.000000 1.000000
5114.285714 985.714286 0.000000 0.000000 0.000000 1.000000
5114.285714 1071.428571 0.000000 0.000000 0.000000 1.000000
5114.285714 1157.142857 0.000000 0.000000 0.000000 1.000000
5114.285714 1242.857143 0.000000 0.000000 0.000000 1.000000
5114.285714 1328.571429 0.000000 0.000000 0.000000 1.000000
5114.285714 1414.285714 0.000000 0.000000 0.000000 1.000000
5114.285714 1500.000000 0.000000 0.000000 0.000000 1.000000
5114.285714 1585.714286 0.000000 0.000000 0.000000 1.000000
5114.285714 1671.428571 0.000000 0.000000 0.000000 1.000000
5114.285714 1757.142857 0.000000 0.000000 0.000000 1.000000
5114.285714 1842.857143 0.000000 0.000000 0.000000 1.000000
5114.285714 1928.571429 0.000000 0.000000 0.000000 1.000000
5114.285714 2014.285714 0.000000 0.000000 0.000000 1.000000
5114.285714 2100.000000 0.000000 0.000000 0.000000 1.000000
5114.285714 2185.714286 0.000000 0.000000 0.000000 1.000000
5114.285714 2271.428571 0.000000 0.000000 0.000000 1.000000
5114.285714 2357.142857 0.000000 0.000000 0.000000 1.000000
5114.285714 2442.857143 0.000000 0.000000 0.000000 1.000000
5114.285714 2528.571429 0.000000 0.000000 0.000000 1.000000
5114.285714 2614.285714 0.000000 0.000000 0.000000 1.000000
5114.285714 2700.000000 0.000000 0.000000 0.000000 1.000000
5114.285714 2785.714286 0.000000 0.000000 0.000000 1.000000
5114.285714 2357.142857 0.000000 0.000000 0.000000 0.000000
5114.285714 128.571429 0.000000 0.000000 0.000000 1.000000
5114.285714 214.285714 0.000000 0.000000 0.000000 1.000000
5114.285714 300.000000 0.000000 0.000000 0.000000 1.000000
5114.285714 385.714286 0.000000 0.000000 0.000000 1.000000
5114.285714 471.428571 0.000000 0.000000 0.000000 1.000000
5114.285714 557.142857 0.000000 0.000000 0.000000 1.000000
5114.285714 642.857143 0.000000 0.000000 0.000000 1.000000
5114.285714 728.571429 0.000000 0.000000 0.000000 1.000000
5114.285714 814.285714 0.000000 0.000000 0.000000 1.000000
5114.285714 900.000000 0.000000 0.000000 0.000000 1.000000
5114.285714 985.714286 0.000000 0.000000 0.000000 1.000000
5114.285714 1071.428571 0.000000 0.000000 0.000000 1.000000
5114.285714 1157.142857 0.000000 0.000000 0.000000 1.000000
5114.285714 1242.857143 0.000000 0.000000 0.000000 1.000000
5114.285714 1328.571429 0.000000 0.000000 0.000000 1.000000
5114.285714 1414.285714 0.000000 0.000000 0.000000 1.000000
5114.285714 1500.000000 0.000000 0.000000 0.000000 1.000000
5114.285714 1585.714286 0.000000 0.000000 0.000000 1.000000
5114.285714 1671.428571 0.000000 0.000000 0.000000 1.000000
5114.285714 1757.142857 0.000000 0.000000 0.000000 1.000000
5114.285714 1842.857143 0.000000 0.000000 0.000000 1.000000
5114.285714 1928.571429 0.000000 0.000000 0.000000 1.000000
5114.285714 2014.285714 0.000000 0.000000 0.000000 1.000000
5114.285714 2100.000000 0.000000 0.000000 0.000000 1.000000
5114.285714 2185.714286 0.000000 0.000000 0.000000 1.000000
5114.285714 2271.428571 0.000000 0.000000 0.000000 1.000000
5114.285714 2357.142857 0.000000 0.000000 0.000000 1.000000
5114.285714 2442.857143 0.000000 0.000000 0.000000 1.000000
5114.285714 2528.571429 0.000000 0.000000 0.000000 1.000000
5114.285714 2614.285714 0.000000 0.000000 0.000000 1.000000
5114.285714 2700.000000 0.000000 0.000000 0.000000 1.000000
5114.285714 2785.714286 0.000000 0.000000 0.000000 1.000000
5114.285714 2442.857143 0.000000 0.000000 0.000000 0.000000
5114.285714 128.571429 0.000000 0.000000 0.000000 1.000000
5114.285714 214.285714 0.000000 0.000000 0.000000 1.000000
5114.285714 300.000000 0.000000 0.000000 0.000000 1.000000
5114.285714 385.714286 0.000000 0.000000 0.000000 1.000000
5114.285714 471.428571 0.000000 0.000000 0.000000 1.000000
5114.285714 557.142857 0.000000 0.000000 0.000000 1.000000
5114.285714 642.857143 0.000000 0.000000 0.000000 1.000000
5114.285714 728.571429 0.000000 0.000000 0.000000 1.000000
5114.285714 814.285714 0.000000 0.000000 0.000000 1.000000
5114.285714 900.000000 0.000000 0.000000 0.000000 1.000000
5114.285714 985.714286 0.000000 0.000000 0.000000 1.000000
5114.285714 1071.428571 0.000000 0.000000 0.000000 1.000000
5114.285714 1157.142857 0.000000 0.000000 0.000000 1.000000
5114.285714 1242.857143 0.000000 0.000000 0.000000 1.000000
5114.285714 1328.571429 0.000000 0.000000 0.000000 1.000000
5114.285714 1414.285714 0.000000 0.000000 0.000000 1.000000
5114.285714 1500.000000 0.000000 0.000000 0.000000 1.000000
5114.285714 1585.714286 0.000000 0.000000 0.000000 1.000000
5114.285714 1671.428571 0.000000 0.000000 0.000000 1.000000
5114.285714 1757.142857 0.000000 0.000000 0.000000 1.000000
5114.285714 1842.857143 0.000000 0.000000 0.000000 1.000000
5114.285714 1928.571429 0.000000 0.000000 0.000000 1.000000
5114.285714 2014.285714 0.000000 0.000000 0.000000 1.000000
5114.285714 2100.000000 0.000000 0.000000 0.000000 1.000000
5114.285714 2185.714286 0.000000 0.000000 0.000000 1.000000
5114.285714 2271.428571 0.000000 0.000000 0.000000 1.000000
5114.285714 2357.142857 0.000000 0.000000 0.000000 1.000000
5114.285714 2442.857143 0.000000 0.000000 0.000000 1.000000
5114.285714 2528.571429 0.000000 0.000000 0.000000 1.000000
5114.285714 2614.285714 0.000000 0.000000 0.000000 1.000000
5114.285714 2700.000000 0.000000 0.000000 0.000000 1.000000
5114.285714 2785.714286 0.000000 0.000000 0.000000 1.000000
5114.285714 2528.571429 0.000000 0.000000 0.000000 0.000000
5114.285714 128.571429 0.000000 0.000000 0.000000 1.000000
5114.285714 214.285714 0.000000 0.000000 0.000000 1.000000
5114.285714 300.000000 0.000000 0.000000 0.000000 1.000000
5114.285714 385.714286 0.000000 0.000000 0.000000 1.000000
5114.285714 471.428571 0.000000 0.000000 0.000000 1.000000
5114.285714 557.142857 0.000000 0.000000 0.000000 1.000000
5114.285714 642.857143 0.000000 0.000000 0.000000 1.000000
5114.285714 728.571429 0.000000 0.000000 0.000000 1.000000
5114.285714 814.285714 0.000000 0.000000 0.000000 1.000000
5114.285714 900.000000 0.000000 0.000000 0.000000 1.000000
5114.285714 985.714286 0.000000 0.000000 0.000000 1.000000
5114.285714 1071.428571 0.000000 0.000000 0.000000 1.000000
5114.285714 1157.142857 0.000000 0.000000 0.000000 1.000000
5114.285714 1242.857143 0.000000 0.000000 0.000000 1.000000
5114.285714 1328.571429 0.000000 0.000000 0.000000 1.000000
5114.285714 1414.285714 0.000000 0.000000 0.000000 1.000000
5114.285714 1500.000000 0.000000 0.000000 0.000000 1.000000
5114.285714 1585.714286 0.000000 0.000000 0.000000 1.000000
5114.285714 1671.428571 0.000000 0.000000 0.000000 1.000000
5114.285714 1757.142857 0.000000 0.000000 0.000000 1.000000
5114.285714 1842.857143 0.000000 0.000000 0.000000 1.000000
5114.285714 1928.571429 0.000000 0.000000 0.000000 1.000000
5114.285714 2014.285714 0.000000 0.000000 0.000000 1.000000
5114.285714 2100.000000 0.000000 0.000000 0.000000 1.000000
5114.285714 2185.714286 0.000000 0.000000 0.000000 1.000000
5114.285714 2271.428571 0.000000 0.000000 0.000000 1.000000
5114.285714 2357.142857 0.000000 0.000000 0.000000 1.000000
5114.285714 2442.857143 0.000000 0.000000 0.000000 1.000000
5114.285714 2528.571429 0.000000 0.000000 0.000000 1.000000
5114.285714 2614.285714 0.000000 0.000000 0.000000 1.000000
5114.285714 2700.000000 0.000000 0.000000 0.000000 1.000000
5114.285714 2785.714286 0.000000 0.000000 0.000000 1.000000
5114.285714 2614.285714 0.000000 0.000000 0.000000 0.000000
5114.285714 128.571429 0.000000 0.000000 0.000000 1.000000
5114.285714 214.285714 0.000000 0.000000 0.000000 1.000000
5114.285714 300.000000 0.000000 0.000000 0.000000 1.000000
5114.285714 385.714286 0.000000 0.000000 0.000000 1.000000
5114.285714 471.428571 0.000000 0.000000 0.000000 1.000000
5114.285714 557.142857 0.000000 0.000000 0.000000 1.000000
5114.285714 642.857143 0.000000 0.000000 0.000000 1.000000
5114.285714 728.571429 0.000000 0.000000 0.000000 1.000000
5114.285714 814.285714 0.000000 0.000000 0.000000 1.000000
5114.285714 900.000000 0.000000 0.000000 0.000000 1.000000
5114.285714 985.714286 0.000000 0.000000 0.000000 1.000000
5114.285714 1071.428571 0.000000 0.000000 0.000000 1.000000
5114.285714 1157.142857 0.000000 0.000000 0.000000 1.000000
5114.285714 1242.857143 0.000000 0.000000 0.000000 1.000000
5114.285714 1328.571429 0.000000 0.000000 0.000000 1.000000
5114.285714 1414.285714 0.000000 0.000000 0.000000 1.000000
5114.285714 1500.000000 0.000000 0.000000 0.000000 1.000000
5114.285714 1585.714286 0.000000 0.000000 0.000000 1.000000
5114.285714 1671.428571 0.000000 0.000000 0.000000 1.000000
5114.285714 1757.142857 0.000000 0.000000 0.000000 1.000000
5114.285714 1842.857143 0.000000 0.000000 0.000000 1.000000
5114.285714 1928.571429 0.000000 0.000000 0.000000 1.000000
5114.285714 2014.285714 0.000000 0.000000 0.000000 1.000000
5114.285714 2100.000000 0.000000 0.000000 0.000000 1.000000
5114.285714 2185.714286 0.000000 0.000000 0.000000 1.000000
5114.285714 2271.428571 0.000000 0.000000 0.000000 1.000000
5114.285714 2357.142857 0.000000 0.000000 0.000000 1.000000
5114.285714 2442.857143 0.000000 0.000000 0.000000 1.000000
5114.285714 2528.571429 0.000000 0.000000 0.000000 1.000000
5114.285714 2614.285714 0.000000 0.000000 0.000000 1.000000
5114.285714 2700.000000 0.000000 0.000000 0.000000 1.000000
5114.285714 2785.714286 0.000000 0.000000 0.000000 1.000000
5114.285714 2700.000000 0.000000 0.000000 0.000000 0.000000
5114.285714 128.571429 0.000000 0.000000 0.000000 1.000000
5114.285714 214.285714 0.000000 0.000000 0.000000 1.000000
5114.285714 300.000000 0.000000 0.000000 0.000000 1.000000
5114.285714 385.714286 0.000000 0.000000 0.000000 1.000000
5114.285714 471.428571 0.000000 0.000000 0.000000 1.000000
5114.285714 557.142857 0.000000 0.000000 0.000000 1.000000
5114.285714 642.857143 0.000000 0.000000 0.000000 1.000000
5114.285714 728.571429 0.000000 0.000000 0.000000 1.000000
5114.285714 814.285714 0.000000 0.000000 0.000000 1.000000
5114.285714 900.000000 0.000000 0.000000 0.000000 1.000000
5114.285714 985.714286 0.000000 0.000000 0.000000 1.000000
5114.285714 1071.428571 0.000000 0.000000 0.000000 1.000000
5114.285714 1157.142857 0.000000 0.000000 0.000000 1.000000
5114.285714 1242.857143 0.000000 0.000000 0.000000 1.000000
5114.285714 1328.571429 0.000000 0.000000 0.000000 1.000000
5114.285714 1414.285714 0.000000 0.000000 0.000000 1.000000
5114.285714 1500.000000 0.000000 0.000000 0.000000 1.000000
5114.285714 1585.714286 0.000000 0.000000 0.000000 1.000000
5114.285714 1671.428571 0.000000 0.000000 0.000000 1.000000
5114.285714 1757.142857 0.000000 0.000000 0.000000 1.000000
5114.285714 1842.857143 0.000000 0.000000 0.000000 1.000000
5114.285714 1928.571429 0.000000 0.000000 0.000000 1.000000
5114.285714 2014.285714 0.000000 0.000000 0.000000 1.000000
5114.285714 2100.000000 0.000000 0.000000 0.000000 1.000000
5114.285714 2185.714286 0.000000 0.000000 0.000000 1.000000
5114.285714 2271.428571 0.000000 0.000000 0.000000 1.000000
5114.285714 2357.142857 0.000000 0.000000 0.000000 1.000000
5114.285714 2442.857143 0.000000 0.000000 0.000000 1.000000
5114.285714 2528.571429 0.000000 0.000000 0.000000 1.000000
5114.285714 2614.285714 0.000000 0.000000 0.000000 1.000000
5114.285714 2700.000000 0.000000 0.000000 0.000000 1.000000
5114.285714 2785.714286 0.000000 0.000000 0.000000 1.000000
5114.285714 2785.714286 0.000000 0.000000 0.000000 0.000000
5114.285714 128.571429 0.000000 0.000000 0.000000 1.000000
5114.285714 214.285714 0.000000 0.000000 0.000000 1.000000
5114.285714 300.000000 0.000000 0.000000 0.000000 1.000000
5114.285714 385.714286 0.000000 0.000000 0.000000 1.000000
5114.285714 471.428571 0.000000 0.000000 0.000000 1.000000
5114.285714 557.142857 0.000000 0.000000 0.000000 1.000000
5114.285714 642.857143 0.000000 0.000000 0.000000 1.000000
5114.285714 728.571429 0.000000 0.000000 0.000000 1.000000
5114.285714 814.285714 0.000000 0.000000 0.000000 1.000000
5114.285714 900.000000 0.000000 0.000000 0.000000 1.000000
5114.285714 985.714286 0.000000 0.000000 0.000000 1.000000
5114.285714 1071.428571 0.000000 0.000000 0.000000 1.000000
5114.285714 1157.142857 0.000000 0.000000 0.000000 1.000000
5114.285714 1242.857143 0.000000 0.000000 0.000000 1.000000
5114.285714 1328.571429 0.000000 0.000000 0.000000 1.000000
5114.285714 1414.285714 0.000000 0.000000 0.000000 1.000000
5114.285714 1500.000000 0.000000 0.000000 0.000000 1.000000
5114.285714 1585.714286 0.000000 0.000000 0.000000 1.000000
5114.285714 1671.428571 0.000000 0.000000 0.000000 1.000000
5114.285714 1757.142857 0.000000 0.000000 0.000000 1.000000
5114.285714 1842.857143 0.000000 0.000000 0.000000 1.000000
5114.285714 1928.571429 0.000000 0.000000 0.000000 1.000000
5114.285714 2014.285714 0.000000 0.000000 0.000000 1.000000
5114.285714 2100.000000 0.000000 0.000000 0.000000 1.000000
5114.285714 2185.714286 0.000000 0.000000 0.000000 1.000000
5114.285714 2271.428571 0.000000 0.000000 0.000000 1.000000
5114.285714 2357.142857 0.000000 0.000000 0.000000 1.000000
5114.285714 2442.857143 0.000000 0.000000 0.000000 1.000000
5114.285714 2528.571429 0.000000 0.000000 0.000000 1.000000
5114.285714 2614.285714 0.000000 0.000000 0.000000 1.000000
5114.285714 2700.000000 0.000000 0.000000 0.000000 1.000000
5114.285714 2785.714286 0.000000 0.000000 0.000000 1.000000
