90.000000 100.000000 0.000000 0.000000 0.000000 0.000000
500.000000 100.000000 0.000000 0.000000 0.000000 1.000000
500.000000 112.820513 0.000000 0.000000 0.000000 1.000000
500.000000 125.641026 0.000000 0.000000 0.000000 1.000000
500.000000 138.461538 0.000000 0.000000 0.000000 1.000000
500.000000 151.282051 0.000000 0.000000 0.000000 1.000000
500.000000 164.102564 0.000000 0.000000 0.000000 1.000000
500.000000 176.923077 0.000000 0.000000 0.000000 1.000000
500.000000 189.743590 0.000000 0.000000 0.000000 1.000000
500.000000 202.564103 0.000000 0.000000 0.000000 1.000000
500.000000 215.384615 0.000000 0.000000 0.000000 1.000000
500.000000 228.205128 0.000000 0.000000 0.000000 1.000000
500.000000 241.025641 0.000000 0.000000 0.000000 1.000000
500.000000 253.846154 0.000000 0.000000 0.000000 1.000000
500.000000 266.666667 0.000000 0.000000 0.000000 1.000000
500.000000 279.487179 0.000000 0.000000 0.000000 1.000000
500.000000 292.307692 0.000000 0.000000 0.000000 1.000000
500.000000 305.128205 0.000000 0.000000 0.000000 1.000000
500.000000 317.948718 0.000000 0.000000 0.000000 1.000000
500.000000 330.769231 0.000000 0.000000 0.000000 1.000000
500.000000 343.589744 0.000000 0.000000 0.000000 1.000000
500.000000 356.410256 0.000000 0.000000 0.000000 1.000000
500.000000 369.230769 0.000000 0.000000 0.000000 1.000000
500.000000 382.051282 0.000000 0.000000 0.000000 1.000000
500.000000 394.871795 0.000000 0.000000 0.000000 1.000000
500.000000 407.692308 0.000000 0.000000 0.000000 1.000000
500.000000 420.512821 0.000000 0.000000 0.000000 1.000000
500.000000 433.333333 0.000000 0.000000 0.000000 1.000000
500.000000 446.153846 0.000000 0.000000 0.000000 1.000000
500.000000 458.974359 0.000000 0.000000 0.000000 1.000000
500.000000 471.794872 0.000000 0.000000 0.000000 1.000000
500.000000 484.615385 0.000000 0.000000 0.000000 1.000000
500.000000 497.435897 0.000000 0.000000 0.000000 1.000000
500.000000 510.256410 0.000000 0.000000 0.000000 1.000000
500.000000 523.076923 0.000000 0.000000 0.000000 1.000000
500.000000 535.897436 0.000000 0.000000 0.000000 1.000000
500.000000 548.717949 0.000000 0.000000 0.000000 1.000000
500.000000 561.538462 0.000000 0.000000 0.000000 1.000000
500.000000 574.358974 0.000000 0.000000 0.000000 1.000000
500.000000 587.179487 0.000000 0.000000 0.000000 1.000000
500.000000 600.000000 0.000000 0.000000 0.000000 1.000000
90.000000 133.333333 0.000000 0.000000 0.000000 0.000000
500.000000 100.000000 0.000000 0.000000 0.000000 1.000000
500.000000 112.820513 0.000000 0.000000 0.000000 1.000000
500.000000 125.641026 0.000000 0.000000 0.000000 1.000000
500.000000 138.461538 0.000000 0.000000 0.000000 1.000000
500.000000 151.282051 0.000000 0.000000 0.000000 1.000000
500.000000 164.102564 0.000000 0.000000 0.000000 1.000000
500.000000 176.923077 0.000000 0.000000 0.000000 1.000000
500.000000 189.743590 0.000000 0.000000 0.000000 1.000000
500.000000 202.564103 0.000000 0.000000 0.000000 1.000000
500.000000 215.384615 0.000000 0.000000 0.000000 1.000000
500.000000 228.205128 0.000000 0.000000 0.000000 1.000000
500.000000 241.025641 0.000000 0.000000 0.000000 1.000000
500.000000 253.846154 0.000000 0.000000 0.000000 1.000000
500.000000 266.666667 0.000000 0.000000 0.000000 1.000000
500.000000 279.487179 0.000000 0.000000 0.000000 1.000000
500.000000 292.307692 0.000000 0.000000 0.000000 1.000000
500.000000 305.128205 0.000000 0.000000 0.000000 1.000000
500.000000 317.948718 0.000000 0.000000 0.000000 1.000000
500.000000 330.769231 0.000000 0.000000 0.000000 1.000000
500.000000 343.589744 0.000000 0.000000 0.000000 1.000000
500.000000 356.410256 0.000000 0.000000 0.000000 1.000000
500.000000 369.230769 0.000000 0.000000 0.000000 1.000000
500.000000 382.051282 0.000000 0.000000 0.000000 1.000000
500.000000 394.871795 0.000000 0.000000 0.000000 1.000000
500.000000 407.692308 0.000000 0.000000 0.000000 1.000000
500.000000 420.512821 0.000000 0.000000 0.000000 1.000000
500.000000 433.333333 0.000000 0.000000 0.000000 1.000000
500.000000 446.153846 0.000000 0.000000 0.000000 1.000000
500.000000 458.974359 0.000000 0.000000 0.000000 1.000000
500.000000 471.794872 0.000000 0.000000 0.000000 1.000000
500.000000 484.615385 0.000000 0.000000 0.000000 1.000000
500.000000 497.435897 0.000000 0.000000 0.000000 1.000000
500.000000 510.256410 0.000000 0.000000 0.000000 1.000000
500.000000 523.076923 0.000000 0.000000 0.000000 1.000000
500.000000 535.897436 0.000000 0.000000 0.000000 1.000000
500.000000 548.717949 0.000000 0.000000 0.000000 1.000000
500.000000 561.538462 0.000000 0.000000 0.000000 1.000000
500.000000 574.358974 0.000000 0.000000 0.000000 1.000000
500.000000 587.179487 0.000000 0.000000 0.000000 1.000000
500.000000 600.000000 0.000000 0.000000 0.000000 1.000000
90.000000 166.666667 0.000000 0.000000 0.000000 0.000000
500.000000 100.000000 0.000000 0.000000 0.000000 1.000000
500.000000 112.820513 0.000000 0.000000 0.000000 1.000000
500.000000 125.641026 0.000000 0.000000 0.000000 1.000000
500.000000 138.461538 0.000000 0.000000 0.000000 1.000000
500.000000 151.282051 0.000000 0.000000 0.000000 1.000000
500.000000 164.102564 0.000000 0.000000 0.000000 1.000000
500.000000 176.923077 0.000000 0.000000 0.000000 1.000000
500.000000 189.743590 0.000000 0.000000 0.000000 1.000000
500.000000 202.564103 0.000000 0.000000 0.000000 1.000000
500.000000 215.384615 0.000000 0.000000 0.000000 1.000000
500.000000 228.205128 0.000000 0.000000 0.000000 1.000000
500.000000 241.025641 0.000000 0.000000 0.000000 1.000000
500.000000 253.846154 0.000000 0.000000 0.000000 1.000000
500.000000 266.666667 0.000000 0.000000 0.000000 1.000000
500.000000 279.487179 0.000000 0.000000 0.000000 1.000000
500.000000 292.307692 0.000000 0.000000 0.000000 1.000000
500.000000 305.128205 0.000000 0.000000 0.000000 1.000000
500.000000 317.948718 0.000000 0.000000 0.000000 1.000000
500.000000 330.769231 0.000000 0.000000 0.000000 1.000000
500.000000 343.589744 0.000000 0.000000 0.000000 1.000000
500.000000 356.410256 0.000000 0.000000 0.000000 1.000000
500.000000 369.230769 0.000000 0.000000 0.000000 1.000000
500.000000 382.051282 0.000000 0.000000 0.000000 1.000000
500.000000 394.871795 0.000000 0.000000 0.000000 1.000000
500.000000 407.692308 0.000000 0.000000 0.000000 1.000000
500.000000 420.512821 0.000000 0.000000 0.000000 1.000000
500.000000 433.333333 0.000000 0.000000 0.000000 1.000000
500.000000 446.153846 0.000000 0.000000 0.000000 1.000000
500.000000 458.974359 0.000000 0.000000 0.000000 1.000000
500.000000 471.794872 0.000000 0.000000 0.000000 1.000000
500.000000 484.615385 0.000000 0.000000 0.000000 1.000000
500.000000 497.435897 0.000000 0.000000 0.000000 1.000000
500.000000 510.256410 0.000000 0.000000 0.000000 1.000000
500.000000 523.076923 0.000000 0.000000 0.000000 1.000000
500.000000 535.897436 0.000000 0.000000 0.000000 1.000000
500.000000 548.717949 0.000000 0.000000 0.000000 1.000000
500.000000 561.538462 0.000000 0.000000 0.000000 1.000000
500.000000 574.358974 0.000000 0.000000 0.000000 1.000000
500.000000 587.179487 0.000000 0.000000 0.000000 1.000000
500.000000 600.000000 0.000000 0.000000 0.000000 1.000000
90.000000 200.000000 0.000000 0.000000 0.000000 0.000000
500.000000 100.000000 0.000000 0.000000 0.000000 1.000000
500.000000 112.820513 0.000000 0.000000 0.000000 1.000000
500.000000 125.641026 0.000000 0.000000 0.000000 1.000000
500.000000 138.461538 0.000000 0.000000 0.000000 1.000000
500.000000 151.282051 0.000000 0.000000 0.000000 1.000000
500.000000 164.102564 0.000000 0.000000 0.000000 1.000000
500.000000 176.923077 0.000000 0.000000 0.000000 1.000000
500.000000 189.743590 0.000000 0.000000 0.000000 1.000000
500.000000 202.564103 0.000000 0.000000 0.000000 1.000000
500.000000 215.384615 0.000000 0.000000 0.000000 1.000000
500.000000 228.205128 0.000000 0.000000 0.000000 1.000000
500.000000 241.025641 0.000000 0.000000 0.000000 1.000000
500.000000 253.846154 0.000000 0.000000 0.000000 1.000000
500.000000 266.666667 0.000000 0.000000 0.000000 1.000000
500.000000 279.487179 0.000000 0.000000 0.000000 1.000000
500.000000 292.307692 0.000000 0.000000 0.000000 1.000000
500.000000 305.128205 0.000000 0.000000 0.000000 1.000000
500.000000 317.948718 0.000000 0.000000 0.000000 1.000000
500.000000 330.769231 0.000000 0.000000 0.000000 1.000000
500.000000 343.589744 0.000000 0.000000 0.000000 1.000000
500.000000 356.410256 0.000000 0.000000 0.000000 1.000000
500.000000 369.230769 0.000000 0.000000 0.000000 1.000000
500.000000 382.051282 0.000000 0.000000 0.000000 1.000000
500.000000 394.871795 0.000000 0.000000 0.000000 1.000000
500.000000 407.692308 0.000000 0.000000 0.000000 1.000000
500.000000 420.512821 0.000000 0.000000 0.000000 1.000000
500.000000 433.333333 0.000000 0.000000 0.000000 1.000000
500.000000 446.153846 0.000000 0.000000 0.000000 1.000000
500.000000 458.974359 0.000000 0.000000 0.000000 1.000000
500.000000 471.794872 0.000000 0.000000 0.000000 1.000000
500.000000 484.615385 0.000000 0.000000 0.000000 1.000000
500.000000 497.435897 0.000000 0.000000 0.000000 1.000000
500.000000 510.256410 0.000000 0.000000 0.000000 1.000000
500.000000 523.076923 0.000000 0.000000 0.000000 1.000000
500.000000 535.897436 0.000000 0.000000 0.000000 1.000000
500.000000 548.717949 0.000000 0.000000 0.000000 1.000000
500.000000 561.538462 0.000000 0.000000 0.000000 1.000000
500.000000 574.358974 0.000000 0.000000 0.000000 1.000000
500.000000 587.179487 0.000000 0.000000 0.000000 1.000000
500.000000 600.000000 0.000000 0.000000 0.000000 1.000000
90.000000 233.333333 0.000000 0.000000 0.000000 0.000000
500.000000 100.000000 0.000000 0.000000 0.000000 1.000000
500.000000 112.820513 0.000000 0.000000 0.000000 1.000000
500.000000 125.641026 0.000000 0.000000 0.000000 1.000000
500.000000 138.461538 0.000000 0.000000 0.000000 1.000000
500.000000 151.282051 0.000000 0.000000 0.000000 1.000000
500.000000 164.102564 0.000000 0.000000 0.000000 1.000000
500.000000 176.923077 0.000000 0.000000 0.000000 1.000000
500.000000 189.743590 0.000000 0.000000 0.000000 1.000000
500.000000 202.564103 0.000000 0.000000 0.000000 1.000000
500.000000 215.384615 0.000000 0.000000 0.000000 1.000000
500.000000 228.205128 0.000000 0.000000 0.000000 1.000000
500.000000 241.025641 0.000000 0.000000 0.000000 1.000000
500.000000 253.846154 0.000000 0.000000 0.000000 1.000000
500.000000 266.666667 0.000000 0.000000 0.000000 1.000000
500.000000 279.487179 0.000000 0.000000 0.000000 1.000000
500.000000 292.307692 0.000000 0.000000 0.000000 1.000000
500.000000 305.128205 0.000000 0.000000 0.000000 1.000000
500.000000 317.948718 0.000000 0.000000 0.000000 1.000000
500.000000 330.769231 0.000000 0.000000 0.000000 1.000000
500.000000 343.589744 0.000000 0.000000 0.000000 1.000000
500.000000 356.410256 0.000000 0.000000 0.000000 1.000000
500.000000 369.230769 0.000000 0.000000 0.000000 1.000000
500.000000 382.051282 0.000000 0.000000 0.000000 1.000000
500.000000 394.871795 0.000000 0.000000 0.000000 1.000000
500.000000 407.692308 0.000000 0.000000 0.000000 1.000000
500.000000 420.512821 0.000000 0.000000 0.000000 1.000000
500.000000 433.333333 0.000000 0.000000 0.000000 1.000000
500.000000 446.153846 0.000000 0.000000 0.000000 1.000000
500.000000 458.974359 0.000000 0.000000 0.000000 1.000000
500.000000 471.794872 0.000000 0.000000 0.000000 1.000000
500.000000 484.615385 0.000000 0.000000 0.000000 1.000000
500.000000 497.435897 0.000000 0.000000 0.000000 1.000000
500.000000 510.256410 0.000000 0.000000 0.000000 1.000000
500.000000 523.076923 0.000000 0.000000 0.000000 1.000000
500.000000 535.897436 0.000000 0.000000 0.000000 1.000000
500.000000 548.717949 0.000000 0.000000 0.000000 1.000000
500.000000 561.538462 0.000000 0.000000 0.000000 1.000000
500.000000 574.358974 0.000000 0.000000 0.000000 1.000000
500.000000 587.179487 0.000000 0.000000 0.000000 1.000000
500.000000 600.000000 0.000000 0.000000 0.000000 1.000000
90.000000 266.666667 0.000000 0.000000 0.000000 0.000000
500.000000 100.000000 0.000000 0.000000 0.000000 1.000000
500.000000 112.820513 0.000000 0.000000 0.000000 1.000000
500.000000 125.641026 0.000000 0.000000 0.000000 1.000000
500.000000 138.461538 0.000000 0.000000 0.000000 1.000000
500.000000 151.282051 0.000000 0.000000 0.000000 1.000000
500.000000 164.102564 0.000000 0.000000 0.000000 1.000000
500.000000 176.923077 0.000000 0.000000 0.000000 1.000000
500.000000 189.743590 0.000000 0.000000 0.000000 1.000000
500.000000 202.564103 0.000000 0.000000 0.000000 1.000000
500.000000 215.384615 0.000000 0.000000 0.000000 1.000000
500.000000 228.205128 0.000000 0.000000 0.000000 1.000000
500.000000 241.025641 0.000000 0.000000 0.000000 1.000000
500.000000 253.846154 0.000000 0.000000 0.000000 1.000000
500.000000 266.666667 0.000000 0.000000 0.000000 1.000000
500.000000 279.487179 0.000000 0.000000 0.000000 1.000000
500.000000 292.307692 0.000000 0.000000 0.000000 1.000000
500.000000 305.128205 0.000000 0.000000 0.000000 1.000000
500.000000 317.948718 0.000000 0.000000 0.000000 1.000000
500.000000 330.769231 0.000000 0.000000 0.000000 1.000000
500.000000 343.589744 0.000000 0.000000 0.000000 1.000000
500.000000 356.410256 0.000000 0.000000 0.000000 1.000000
500.000000 369.230769 0.000000 0.000000 0.000000 1.000000
500.000000 382.051282 0.000000 0.000000 0.000000 1.000000
500.000000 394.871795 0.000000 0.000000 0.000000 1.000000
500.000000 407.692308 0.000000 0.000000 0.000000 1.000000
500.000000 420.512821 0.000000 0.000000 0.000000 1.000000
500.000000 433.333333 0.000000 0.000000 0.000000 1.000000
500.000000 446.153846 0.000000 0.000000 0.000000 1.000000
500.000000 458.974359 0.000000 0.000000 0.000000 1.000000
500.000000 471.794872 0.000000 0.000000 0.000000 1.000000
500.000000 484.615385 0.000000 0.000000 0.000000 1.000000
500.000000 497.435897 0.000000 0.000000 0.000000 1.000000
500.000000 510.256410 0.000000 0.000000 0.000000 1.000000
500.000000 523.076923 0.000000 0.000000 0.000000 1.000000
500.000000 535.897436 0.000000 0.000000 0.000000 1.000000
500.000000 548.717949 0.000000 0.000000 0.000000 1.000000
500.000000 561.538462 0.000000 0.000000 0.000000 1.000000
500.000000 574.358974 0.000000 0.000000 0.000000 1.000000
500.000000 587.179487 0.000000 0.000000 0.000000 1.000000
500.000000 600.000000 0.000000 0.000000 0.000000 1.000000
90.000000 300.000000 0.000000 0.000000 0.000000 0.000000
500.000000 100.000000 0.000000 0.000000 0.000000 1.000000
500.000000 112.820513 0.000000 0.000000 0.000000 1.000000
500.000000 125.641026 0.000000 0.000000 0.000000 1.000000
500.000000 138.461538 0.000000 0.000000 0.000000 1.000000
500.000000 151.282051 0.000000 0.000000 0.000000 1.000000
500.000000 164.102564 0.000000 0.000000 0.000000 1.000000
500.000000 176.923077 0.000000 0.000000 0.000000 1.000000
500.000000 189.743590 0.000000 0.000000 0.000000 1.000000
500.000000 202.564103 0.000000 0.000000 0.000000 1.000000
500.000000 215.384615 0.000000 0.000000 0.000000 1.000000
500.000000 228.205128 0.000000 0.000000 0.000000 1.000000
500.000000 241.025641 0.000000 0.000000 0.000000 1.000000
500.000000 253.846154 0.000000 0.000000 0.000000 1.000000
500.000000 266.666667 0.000000 0.000000 0.000000 1.000000
500.000000 279.487179 0.000000 0.000000 0.000000 1.000000
500.000000 292.307692 0.000000 0.000000 0.000000 1.000000
500.000000 305.128205 0.000000 0.000000 0.000000 1.000000
500.000000 317.948718 0.000000 0.000000 0.000000 1.000000
500.000000 330.769231 0.000000 0.000000 0.000000 1.000000
500.000000 343.589744 0.000000 0.000000 0.000000 1.000000
500.000000 356.410256 0.000000 0.000000 0.000000 1.000000
500.000000 369.230769 0.000000 0.000000 0.000000 1.000000
500.000000 382.051282 0.000000 0.000000 0.000000 1.000000
500.000000 394.871795 0.000000 0.000000 0.000000 1.000000
500.000000 407.692308 0.000000 0.000000 0.000000 1.000000
500.000000 420.512821 0.000000 0.000000 0.000000 1.000000
500.000000 433.333333 0.000000 0.000000 0.000000 1.000000
500.000000 446.153846 0.000000 0.000000 0.000000 1.000000
500.000000 458.974359 0.000000 0.000000 0.000000 1.000000
500.000000 471.794872 0.000000 0.000000 0.000000 1.000000
500.000000 484.615385 0.000000 0.000000 0.000000 1.000000
500.000000 497.435897 0.000000 0.000000 0.000000 1.000000
500.000000 510.256410 0.000000 0.000000 0.000000 1.000000
500.000000 523.076923 0.000000 0.000000 0.000000 1.000000
500.000000 535.897436 0.000000 0.000000 0.000000 1.000000
500.000000 548.717949 0.000000 0.000000 0.000000 1.000000
500.000000 561.538462 0.000000 0.000000 0.000000 1.000000
500.000000 574.358974 0.000000 0.000000 0.000000 1.000000
500.000000 587.179487 0.000000 0.000000 0.000000 1.000000
500.000000 600.000000 0.000000 0.000000 0.000000 1.000000
90.000000 333.333333 0.000000 0.000000 0.000000 0.000000
500.000000 100.000000 0.000000 0.000000 0.000000 1.000000
500.000000 112.820513 0.000000 0.000000 0.000000 1.000000
500.000000 125.641026 0.000000 0.000000 0.000000 1.000000
500.000000 138.461538 0.000000 0.000000 0.000000 1.000000
500.000000 151.282051 0.000000 0.000000 0.000000 1.000000
500.000000 164.102564 0.000000 0.000000 0.000000 1.000000
500.000000 176.923077 0.000000 0.000000 0.000000 1.000000
500.000000 189.743590 0.000000 0.000000 0.000000 1.000000
500.000000 202.564103 0.000000 0.000000 0.000000 1.000000
500.000000 215.384615 0.000000 0.000000 0.000000 1.000000
500.000000 228.205128 0.000000 0.000000 0.000000 1.000000
500.000000 241.025641 0.000000 0.000000 0.000000 1.000000
500.000000 253.846154 0.000000 0.000000 0.000000 1.000000
500.000000 266.666667 0.000000 0.000000 0.000000 1.000000
500.000000 279.487179 0.000000 0.000000 0.000000 1.000000
500.000000 292.307692 0.000000 0.000000 0.000000 1.000000
500.000000 305.128205 0.000000 0.000000 0.000000 1.000000
500.000000 317.948718 0.000000 0.000000 0.000000 1.000000
500.000000 330.769231 0.000000 0.000000 0.000000 1.000000
500.000000 343.589744 0.000000 0.000000 0.000000 1.000000
500.000000 356.410256 0.000000 0.000000 0.000000 1.000000
500.000000 369.230769 0.000000 0.000000 0.000000 1.000000
500.000000 382.051282 0.000000 0.000000 0.000000 1.000000
500.000000 394.871795 0.000000 0.000000 0.000000 1.000000
500.000000 407.692308 0.000000 0.000000 0.000000 1.000000
500.000000 420.512821 0.000000 0.000000 0.000000 1.000000
500.000000 433.333333 0.000000 0.000000 0.000000 1.000000
500.000000 446.153846 0.000000 0.000000 0.000000 1.000000
500.000000 458.974359 0.000000 0.000000 0.000000 1.000000
500.000000 471.794872 0.000000 0.000000 0.000000 1.000000
500.000000 484.615385 0.000000 0.000000 0.000000 1.000000
500.000000 497.435897 0.000000 0.000000 0.000000 1.000000
500.000000 510.256410 0.000000 0.000000 0.000000 1.000000
500.000000 523.076923 0.000000 0.000000 0.000000 1.000000
500.000000 535.897436 0.000000 0.000000 0.000000 1.000000
500.000000 548.717949 0.000000 0.000000 0.000000 1.000000
500.000000 561.538462 0.000000 0.000000 0.000000 1.000000
500.000000 574.358974 0.000000 0.000000 0.000000 1.000000
500.000000 587.179487 0.000000 0.000000 0.000000 1.000000
500.000000 600.000000 0.000000 0.000000 0.000000 1.000000
90.000000 366.666667 0.000000 0.000000 0.000000 0.000000
500.000000 100.000000 0.000000 0.000000 0.000000 1.000000
500.000000 112.820513 0.000000 0.000000 0.000000 1.000000
500.000000 125.641026 0.000000 0.000000 0.000000 1.000000
500.000000 138.461538 0.000000 0.000000 0.000000 1.000000
500.000000 151.282051 0.000000 0.000000 0.000000 1.000000
500.000000 164.102564 0.000000 0.000000 0.000000 1.000000
500.000000 176.923077 0.000000 0.000000 0.000000 1.000000
500.000000 189.743590 0.000000 0.000000 0.000000 1.000000
500.000000 202.564103 0.000000 0.000000 0.000000 1.000000
500.000000 215.384615 0.000000 0.000000 0.000000 1.000000
500.000000 228.205128 0.000000 0.000000 0.000000 1.000000
500.000000 241.025641 0.000000 0.000000 0.000000 1.000000
500.000000 253.846154 0.000000 0.000000 0.000000 1.000000
500.000000 266.666667 0.000000 0.000000 0.000000 1.000000
500.000000 279.487179 0.000000 0.000000 0.000000 1.000000
500.000000 292.307692 0.000000 0.000000 0.000000 1.000000
500.000000 305.128205 0.000000 0.000000 0.000000 1.000000
500.000000 317.948718 0.000000 0.000000 0.000000 1.000000
500.000000 330.769231 0.000000 0.000000 0.000000 1.000000
500.000000 343.589744 0.000000 0.000000 0.000000 1.000000
500.000000 356.410256 0.000000 0.000000 0.000000 1.000000
500.000000 369.230769 0.000000 0.000000 0.000000 1.000000
500.000000 382.051282 0.000000 0.000000 0.000000 1.000000
500.000000 394.871795 0.000000 0.000000 0.000000 1.000000
500.000000 407.692308 0.000000 0.000000 0.000000 1.000000
500.000000 420.512821 0.000000 0.000000 0.000000 1.000000
500.000000 433.333333 0.000000 0.000000 0.000000 1.000000
500.000000 446.153846 0.000000 0.000000 0.000000 1.000000
500.000000 458.974359 0.000000 0.000000 0.000000 1.000000
500.000000 471.794872 0.000000 0.000000 0.000000 1.000000
500.000000 484.615385 0.000000 0.000000 0.000000 1.000000
500.000000 497.435897 0.000000 0.000000 0.000000 1.000000
500.000000 510.256410 0.000000 0.000000 0.000000 1.000000
500.000000 523.076923 0.000000 0.000000 0.000000 1.000000
500.000000 535.897436 0.000000 0.000000 0.000000 1.000000
500.000000 548.717949 0.000000 0.000000 0.000000 1.000000
500.000000 561.538462 0.000000 0.000000 0.000000 1.000000
500.000000 574.358974 0.000000 0.000000 0.000000 1.000000
500.000000 587.179487 0.000000 0.000000 0.000000 1.000000
500.000000 600.000000 0.000000 0.000000 0.000000 1.000000
90.000000 400.000000 0.000000 0.000000 0.000000 0.000000
500.000000 100.000000 0.000000 0.000000 0.000000 1.000000
500.000000 112.820513 0.000000 0.000000 0.000000 1.000000
500.000000 125.641026 0.000000 0.000000 0.000000 1.000000
500.000000 138.461538 0.000000 0.000000 0.000000 1.000000
500.000000 151.282051 0.000000 0.000000 0.000000 1.000000
500.000000 164.102564 0.000000 0.000000 0.000000 1.000000
500.000000 176.923077 0.000000 0.000000 0.000000 1.000000
500.000000 189.743590 0.000000 0.000000 0.000000 1.000000
500.000000 202.564103 0.000000 0.000000 0.000000 1.000000
500.000000 215.384615 0.000000 0.000000 0.000000 1.000000
500.000000 228.205128 0.000000 0.000000 0.000000 1.000000
500.000000 241.025641 0.000000 0.000000 0.000000 1.000000
500.000000 253.846154 0.000000 0.000000 0.000000 1.000000
500.000000 266.666667 0.000000 0.000000 0.000000 1.000000
500.000000 279.487179 0.000000 0.000000 0.000000 1.000000
500.000000 292.307692 0.000000 0.000000 0.000000 1.000000
500.000000 305.128205 0.000000 0.000000 0.000000 1.000000
500.000000 317.948718 0.000000 0.000000 0.000000 1.000000
500.000000 330.769231 0.000000 0.000000 0.000000 1.000000
500.000000 343.589744 0.000000 0.000000 0.000000 1.000000
500.000000 356.410256 0.000000 0.000000 0.000000 1.000000
500.000000 369.230769 0.000000 0.000000 0.000000 1.000000
500.000000 382.051282 0.000000 0.000000 0.000000 1.000000
500.000000 394.871795 0.000000 0.000000 0.000000 1.000000
500.000000 407.692308 0.000000 0.000000 0.000000 1.000000
500.000000 420.512821 0.000000 0.000000 0.000000 1.000000
500.000000 433.333333 0.000000 0.000000 0.000000 1.000000
500.000000 446.153846 0.000000 0.000000 0.000000 1.000000
500.000000 458.974359 0.000000 0.000000 0.000000 1.000000
500.000000 471.794872 0.000000 0.000000 0.000000 1.000000
500.000000 484.615385 0.000000 0.000000 0.000000 1.000000
500.000000 497.435897 0.000000 0.000000 0.000000 1.000000
500.000000 510.256410 0.000000 0.000000 0.000000 1.000000
500.000000 523.076923 0.000000 0.000000 0.000000 1.000000
500.000000 535.897436 0.000000 0.000000 0.000000 1.000000
500.000000 548.717949 0.000000 0.000000 0.000000 1.000000
500.000000 561.538462 0.000000 0.000000 0.000000 1.000000
500.000000 574.358974 0.000000 0.000000 0.000000 1.000000
500.000000 587.179487 0.000000 0.000000 0.000000 1.000000
500.000000 600.000000 0.000000 0.000000 0.000000 1.000000
90.000000 433.333333 0.000000 0.000000 0.000000 0.000000
500.000000 100.000000 0.000000 0.000000 0.000000 1.000000
500.000000 112.820513 0.000000 0.000000 0.000000 1.000000
500.000000 125.641026 0.000000 0.000000 0.000000 1.000000
500.000000 138.461538 0.000000 0.000000 0.000000 1.000000
500.000000 151.282051 0.000000 0.000000 0.000000 1.000000
500.000000 164.102564 0.000000 0.000000 0.000000 1.000000
500.000000 176.923077 0.000000 0.000000 0.000000 1.000000
500.000000 189.743590 0.000000 0.000000 0.000000 1.000000
500.000000 202.564103 0.000000 0.000000 0.000000 1.000000
500.000000 215.384615 0.000000 0.000000 0.000000 1.000000
500.000000 228.205128 0.000000 0.000000 0.000000 1.000000
500.000000 241.025641 0.000000 0.000000 0.000000 1.000000
500.000000 253.846154 0.000000 0.000000 0.000000 1.000000
500.000000 266.666667 0.000000 0.000000 0.000000 1.000000
500.000000 279.487179 0.000000 0.000000 0.000000 1.000000
500.000000 292.307692 0.000000 0.000000 0.000000 1.000000
500.000000 305.128205 0.000000 0.000000 0.000000 1.000000
500.000000 317.948718 0.000000 0.000000 0.000000 1.000000
500.000000 330.769231 0.000000 0.000000 0.000000 1.000000
500.000000 343.589744 0.000000 0.000000 0.000000 1.000000
500.000000 356.410256 0.000000 0.000000 0.000000 1.000000
500.000000 369.230769 0.000000 0.000000 0.000000 1.000000
500.000000 382.051282 0.000000 0.000000 0.000000 1.000000
500.000000 394.871795 0.000000 0.000000 0.000000 1.000000
500.000000 407.692308 0.000000 0.000000 0.000000 1.000000
500.000000 420.512821 0.000000 0.000000 0.000000 1.000000
500.000000 433.333333 0.000000 0.000000 0.000000 1.000000
500.000000 446.153846 0.000000 0.000000 0.000000 1.000000
500.000000 458.974359 0.000000 0.000000 0.000000 1.000000
500.000000 471.794872 0.000000 0.000000 0.000000 1.000000
500.000000 484.615385 0.000000 0.000000 0.000000 1.000000
500.000000 497.435897 0.000000 0.000000 0.000000 1.000000
500.000000 510.256410 0.000000 0.000000 0.000000 1.000000
500.000000 523.076923 0.000000 0.000000 0.000000 1.000000
500.000000 535.897436 0.000000 0.000000 0.000000 1.000000
500.000000 548.717949 0.000000 0.000000 0.000000 1.000000
500.000000 561.538462 0.000000 0.000000 0.000000 1.000000
500.000000 574.358974 0.000000 0.000000 0.000000 1.000000
500.000000 587.179487 0.000000 0.000000 0.000000 1.000000
500.000000 600.000000 0.000000 0.000000 0.000000 1.000000
90.000000 466.666667 0.000000 0.000000 0.000000 0.000000
500.000000 100.000000 0.000000 0.000000 0.000000 1.000000
500.000000 112.820513 0.000000 0.000000 0.000000 1.000000
500.000000 125.641026 0.000000 0.000000 0.000000 1.000000
500.000000 138.461538 0.000000 0.000000 0.000000 1.000000
500.000000 151.282051 0.000000 0.000000 0.000000 1.000000
500.000000 164.102564 0.000000 0.000000 0.000000 1.000000
500.000000 176.923077 0.000000 0.000000 0.000000 1.000000
500.000000 189.743590 0.000000 0.000000 0.000000 1.000000
500.000000 202.564103 0.000000 0.000000 0.000000 1.000000
500.000000 215.384615 0.000000 0.000000 0.000000 1.000000
500.000000 228.205128 0.000000 0.000000 0.000000 1.000000
500.000000 241.025641 0.000000 0.000000 0.000000 1.000000
500.000000 253.846154 0.000000 0.000000 0.000000 1.000000
500.000000 266.666667 0.000000 0.000000 0.000000 1.000000
500.000000 279.487179 0.000000 0.000000 0.000000 1.000000
500.000000 292.307692 0.000000 0.000000 0.000000 1.000000
500.000000 305.128205 0.000000 0.000000 0.000000 1.000000
500.000000 317.948718 0.000000 0.000000 0.000000 1.000000
500.000000 330.769231 0.000000 0.000000 0.000000 1.000000
500.000000 343.589744 0.000000 0.000000 0.000000 1.000000
500.000000 356.410256 0.000000 0.000000 0.000000 1.000000
500.000000 369.230769 0.000000 0.000000 0.000000 1.000000
500.000000 382.051282 0.000000 0.000000 0.000000 1.000000
500.000000 394.871795 0.000000 0.000000 0.000000 1.000000
500.000000 407.692308 0.000000 0.000000 0.000000 1.000000
500.000000 420.512821 0.000000 0.000000 0.000000 1.000000
500.000000 433.333333 0.000000 0.000000 0.000000 1.000000
500.000000 446.153846 0.000000 0.000000 0.000000 1.000000
500.000000 458.974359 0.000000 0.000000 0.000000 1.000000
500.000000 471.794872 0.000000 0.000000 0.000000 1.000000
500.000000 484.615385 0.000000 0.000000 0.000000 1.000000
500.000000 497.435897 0.000000 0.000000 0.000000 1.000000
500.000000 510.256410 0.000000 0.000000 0.000000 1.000000
500.000000 523.076923 0.000000 0.000000 0.000000 1.000000
500.000000 535.897436 0.000000 0.000000 0.000000 1.000000
500.000000 548.717949 0.000000 0.000000 0.000000 1.000000
500.000000 561.538462 0.000000 0.000000 0.000000 1.000000
500.000000 574.358974 0.000000 0.000000 0.000000 1.000000
500.000000 587.179487 0.000000 0.000000 0.000000 1.000000
500.000000 600.000000 0.000000 0.000000 0.000000 1.000000
90.000000 500.000000 0.000000 0.000000 0.000000 0.000000
500.000000 100.000000 0.000000 0.000000 0.000000 1.000000
500.000000 112.820513 0.000000 0.000000 0.000000 1.000000
500.000000 125.641026 0.000000 0.000000 0.000000 1.000000
500.000000 138.461538 0.000000 0.000000 0.000000 1.000000
500.000000 151.282051 0.000000 0.000000 0.000000 1.000000
500.000000 164.102564 0.000000 0.000000 0.000000 1.000000
500.000000 176.923077 0.000000 0.000000 0.000000 1.000000
500.000000 189.743590 0.000000 0.000000 0.000000 1.000000
500.000000 202.564103 0.000000 0.000000 0.000000 1.000000
500.000000 215.384615 0.000000 0.000000 0.000000 1.000000
500.000000 228.205128 0.000000 0.000000 0.000000 1.000000
500.000000 241.025641 0.000000 0.000000 0.000000 1.000000
500.000000 253.846154 0.000000 0.000000 0.000000 1.000000
500.000000 266.666667 0.000000 0.000000 0.000000 1.000000
500.000000 279.487179 0.000000 0.000000 0.000000 1.000000
500.000000 292.307692 0.000000 0.000000 0.000000 1.000000
500.000000 305.128205 0.000000 0.000000 0.000000 1.000000
500.000000 317.948718 0.000000 0.000000 0.000000 1.000000
500.000000 330.769231 0.000000 0.000000 0.000000 1.000000
500.000000 343.589744 0.000000 0.000000 0.000000 1.000000
500.000000 356.410256 0.000000 0.000000 0.000000 1.000000
500.000000 369.230769 0.000000 0.000000 0.000000 1.000000
500.000000 382.051282 0.000000 0.000000 0.000000 1.000000
500.000000 394.871795 0.000000 0.000000 0.000000 1.000000
500.000000 407.692308 0.000000 0.000000 0.000000 1.000000
500.000000 420.512821 0.000000 0.000000 0.000000 1.000000
500.000000 433.333333 0.000000 0.000000 0.000000 1.000000
500.000000 446.153846 0.000000 0.000000 0.000000 1.000000
500.000000 458.974359 0.000000 0.000000 0.000000 1.000000
500.000000 471.794872 0.000000 0.000000 0.000000 1.000000
500.000000 484.615385 0.000000 0.000000 0.000000 1.000000
500.000000 497.435897 0.000000 0.000000 0.000000 1.000000
500.000000 510.256410 0.000000 0.000000 0.000000 1.000000
500.000000 523.076923 0.000000 0.000000 0.000000 1.000000
500.000000 535.897436 0.000000 0.000000 0.000000 1.000000
500.000000 548.717949 0.000000 0.000000 0.000000 1.000000
500.000000 561.538462 0.000000 0.000000 0.000000 1.000000
500.000000 574.358974 0.000000 0.000000 0.000000 1.000000
500.000000 587.179487 0.000000 0.000000 0.000000 1.000000
500.000000 600.000000 0.000000 0.000000 0.000000 1.000000
90.000000 533.333333 0.000000 0.000000 0.000000 0.000000
500.000000 100.000000 0.000000 0.000000 0.000000 1.000000
500.000000 112.820513 0.000000 0.000000 0.000000 1.000000
500.000000 125.641026 0.000000 0.000000 0.000000 1.000000
500.000000 138.461538 0.000000 0.000000 0.000000 1.000000
500.000000 151.282051 0.000000 0.000000 0.000000 1.000000
500.000000 164.102564 0.000000 0.000000 0.000000 1.000000
500.000000 176.923077 0.000000 0.000000 0.000000 1.000000
500.000000 189.743590 0.000000 0.000000 0.000000 1.000000
500.000000 202.564103 0.000000 0.000000 0.000000 1.000000
500.000000 215.384615 0.000000 0.000000 0.000000 1.000000
500.000000 228.205128 0.000000 0.000000 0.000000 1.000000
500.000000 241.025641 0.000000 0.000000 0.000000 1.000000
500.000000 253.846154 0.000000 0.000000 0.000000 1.000000
500.000000 266.666667 0.000000 0.000000 0.000000 1.000000
500.000000 279.487179 0.000000 0.000000 0.000000 1.000000
500.000000 292.307692 0.000000 0.000000 0.000000 1.000000
500.000000 305.128205 0.000000 0.000000 0.000000 1.000000
500.000000 317.948718 0.000000 0.000000 0.000000 1.000000
500.000000 330.769231 0.000000 0.000000 0.000000 1.000000
500.000000 343.589744 0.000000 0.000000 0.000000 1.000000
500.000000 356.410256 0.000000 0.000000 0.000000 1.000000
500.000000 369.230769 0.000000 0.000000 0.000000 1.000000
500.000000 382.051282 0.000000 0.000000 0.000000 1.000000
500.000000 394.871795 0.000000 0.000000 0.000000 1.000000
500.000000 407.692308 0.000000 0.000000 0.000000 1.000000
500.000000 420.512821 0.000000 0.000000 0.000000 1.000000
500.000000 433.333333 0.000000 0.000000 0.000000 1.000000
500.000000 446.153846 0.000000 0.000000 0.000000 1.000000
500.000000 458.974359 0.000000 0.000000 0.000000 1.000000
500.000000 471.794872 0.000000 0.000000 0.000000 1.000000
500.000000 484.615385 0.000000 0.000000 0.000000 1.000000
500.000000 497.435897 0.000000 0.000000 0.000000 1.000000
500.000000 510.256410 0.000000 0.000000 0.000000 1.000000
500.000000 523.076923 0.000000 0.000000 0.000000 1.000000
500.000000 535.897436 0.000000 0.000000 0.000000 1.000000
500.000000 548.717949 0.000000 0.000000 0.000000 1.000000
500.000000 561.538462 0.000000 0.000000 0.000000 1.000000
500.000000 574.358974 0.000000 0.000000 0.000000 1.000000
500.000000 587.179487 0.000000 0.000000 0.000000 1.000000
500.000000 600.000000 0.000000 0.000000 0.000000 1.000000
90.000000 566.666667 0.000000 0.000000 0.000000 0.000000
500.000000 100.000000 0.000000 0.000000 0.000000 1.000000
500.000000 112.820513 0.000000 0.000000 0.000000 1.000000
500.000000 125.641026 0.000000 0.000000 0.000000 1.000000
500.000000 138.461538 0.000000 0.000000 0.000000 1.000000
500.000000 151.282051 0.000000 0.000000 0.000000 1.000000
500.000000 164.102564 0.000000 0.000000 0.000000 1.000000
500.000000 176.923077 0.000000 0.000000 0.000000 1.000000
500.000000 189.743590 0.000000 0.000000 0.000000 1.000000
500.000000 202.564103 0.000000 0.000000 0.000000 1.000000
500.000000 215.384615 0.000000 0.000000 0.000000 1.000000
500.000000 228.205128 0.000000 0.000000 0.000000 1.000000
500.000000 241.025641 0.000000 0.000000 0.000000 1.000000
500.000000 253.846154 0.000000 0.000000 0.000000 1.000000
500.000000 266.666667 0.000000 0.000000 0.000000 1.000000
500.000000 279.487179 0.000000 0.000000 0.000000 1.000000
500.000000 292.307692 0.000000 0.000000 0.000000 1.000000
500.000000 305.128205 0.000000 0.000000 0.000000 1.000000
500.000000 317.948718 0.000000 0.000000 0.000000 1.000000
500.000000 330.769231 0.000000 0.000000 0.000000 1.000000
500.000000 343.589744 0.000000 0.000000 0.000000 1.000000
500.000000 356.410256 0.000000 0.000000 0.000000 1.000000
500.000000 369.230769 0.000000 0.000000 0.000000 1.000000
500.000000 382.051282 0.000000 0.000000 0.000000 1.000000
500.000000 394.871795 0.000000 0.000000 0.000000 1.000000
500.000000 407.692308 0.000000 0.000000 0.000000 1.000000
500.000000 420.512821 0.000000 0.000000 0.000000 1.000000
500.000000 433.333333 0.000000 0.000000 0.000000 1.000000
500.000000 446.153846 0.000000 0.000000 0.000000 1.000000
500.000000 458.974359 0.000000 0.000000 0.000000 1.000000
500.000000 471.794872 0.000000 0.000000 0.000000 1.000000
500.000000 484.615385 0.000000 0.000000 0.000000 1.000000
500.000000 497.435897 0.000000 0.000000 0.000000 1.000000
500.000000 510.256410 0.000000 0.000000 0.000000 1.000000
500.000000 523.076923 0.000000 0.000000 0.000000 1.000000
500.000000 535.897436 0.000000 0.000000 0.000000 1.000000
500.000000 548.717949 0.000000 0.000000 0.000000 1.000000
500.000000 561.538462 0.000000 0.000000 0.000000 1.000000
500.000000 574.358974 0.000000 0.000000 0.000000 1.000000
500.000000 587.179487 0.000000 0.000000 0.000000 1.000000
500.000000 600.000000 0.000000 0.000000 0.000000 1.000000
90.000000 600.000000 0.000000 0.000000 0.000000 0.000000
500.000000 100.000000 0.000000 0.000000 0.000000 1.000000
500.000000 112.820513 0.000000 0.000000 0.000000 1.000000
500.000000 125.641026 0.000000 0.000000 0.000000 1.000000
500.000000 138.461538 0.000000 0.000000 0.000000 1.000000
500.000000 151.282051 0.000000 0.000000 0.000000 1.000000
500.000000 164.102564 0.000000 0.000000 0.000000 1.000000
500.000000 176.923077 0.000000 0.000000 0.000000 1.000000
500.000000 189.743590 0.000000 0.000000 0.000000 1.000000
500.000000 202.564103 0.000000 0.000000 0.000000 1.000000
500.000000 215.384615 0.000000 0.000000 0.000000 1.000000
500.000000 228.205128 0.000000 0.000000 0.000000 1.000000
500.000000 241.025641 0.000000 0.000000 0.000000 1.000000
500.000000 253.846154 0.000000 0.000000 0.000000 1.000000
500.000000 266.666667 0.000000 0.000000 0.000000 1.000000
500.000000 279.487179 0.000000 0.000000 0.000000 1.000000
500.000000 292.307692 0.000000 0.000000 0.000000 1.000000
500.000000 305.128205 0.000000 0.000000 0.000000 1.000000
500.000000 317.948718 0.000000 0.000000 0.000000 1.000000
500.000000 330.769231 0.000000 0.000000 0.000000 1.000000
500.000000 343.589744 0.000000 0.000000 0.000000 1.000000
500.000000 356.410256 0.000000 0.000000 0.000000 1.000000
500.000000 369.230769 0.000000 0.000000 0.000000 1.000000
500.000000 382.051282 0.000000 0.000000 0.000000 1.000000
500.000000 394.871795 0.000000 0.000000 0.000000 1.000000
500.000000 407.692308 0.000000 0.000000 0.000000 1.000000
500.000000 420.512821 0.000000 0.000000 0.000000 1.000000
500.000000 433.333333 0.000000 0.000000 0.000000 1.000000
500.000000 446.153846 0.000000 0.000000 0.000000 1.000000
500.000000 458.974359 0.000000 0.000000 0.000000 1.000000
500.000000 471.794872 0.000000 0.000000 0.000000 1.000000
500.000000 484.615385 0.000000 0.000000 0.000000 1.000000
500.000000 497.435897 0.000000 0.000000 0.000000 1.000000
500.000000 510.256410 0.000000 0.000000 0.000000 1.000000
500.000000 523.076923 0.000000 0.000000 0.000000 1.000000
500.000000 535.897436 0.000000 0.000000 0.000000 1.000000
500.000000 548.717949 0.000000 0.000000 0.000000 1.000000
500.000000 561.538462 0.000000 0.000000 0.000000 1.000000
500.000000 574.358974 0.000000 0.000000 0.000000 1.000000
500.000000 587.179487 0.000000 0.000000 0.000000 1.000000
500.000000 600.000000 0.000000 0.000000 0.000000 1.000000
