85.714286 192.857143 0.000000 0.000000 0.000000 0.000000
2771.428571 192.857143 0.000000 0.000000 0.000000 1.000000
2771.428571 235.714286 0.000000 0.000000 0.000000 1.000000
2771.428571 278.571429 0.000000 0.000000 0.000000 1.000000
2771.428571 321.428571 0.000000 0.000000 0.000000 1.000000
2771.428571 364.285714 0.000000 0.000000 0.000000 1.000000
2771.428571 407.142857 0.000000 0.000000 0.000000 1.000000
2771.428571 450.000000 0.000000 0.000000 0.000000 1.000000
2771.428571 492.857143 0.000000 0.000000 0.000000 1.000000
2771.428571 535.714286 0.000000 0.000000 0.000000 1.000000
2771.428571 578.571429 0.000000 0.000000 0.000000 1.000000
2771.428571 621.428571 0.000000 0.000000 0.000000 1.000000
2771.428571 664.285714 0.000000 0.000000 0.000000 1.000000
2771.428571 707.142857 0.000000 0.000000 0.000000 1.000000
2771.428571 750.000000 0.000000 0.000000 0.000000 1.000000
2771.428571 792.857143 0.000000 0.000000 0.000000 1.000000
2771.428571 835.714286 0.000000 0.000000 0.000000 1.000000
2771.428571 878.571429 0.000000 0.000000 0.000000 1.000000
2771.428571 921.428571 0.000000 0.000000 0.000000 1.000000
2771.428571 964.285714 0.000000 0.000000 0.000000 1.000000
2771.428571 1007.142857 0.000000 0.000000 0.000000 1.000000
2771.428571 1050.000000 0.000000 0.000000 0.000000 1.000000
2771.428571 1092.857143 0.000000 0.000000 0.000000 1.000000
2771.428571 1135.714286 0.000000 0.000000 0.000000 1.000000
2771.428571 1178.571429 0.000000 0.000000 0.000000 1.000000
2771.428571 1221.428571 0.000000 0.000000 0.000000 1.000000
2771.428571 1264.285714 0.000000 0.000000 0.000000 1.000000
2771.428571 1307.142857 0.000000 0.000000 0.000000 1.000000
2771.428571 1350.000000 0.000000 0.000000 0.000000 1.000000
2771.428571 1392.857143 0.000000 0.000000 0.000000 1.000000
2771.428571 1435.714286 0.000000 0.000000 0.000000 1.000000
2771.428571 1478.571429 0.000000 0.000000 0.000000 1.000000
2771.428571 1521.428571 0.000000 0.000000 0.000000 1.000000
85.714286 235.714286 0.000000 0.000000 0.000000 0.000000
2771.428571 192.857143 0.000000 0.000000 0.000000 1.000000
2771.428571 235.714286 0.000000 0.000000 0.000000 1.000000
2771.428571 278.571429 0.000000 0.000000 0.000000 1.000000
2771.428571 321.428571 0.000000 0.000000 0.000000 1.000000
2771.428571 364.285714 0.000000 0.000000 0.000000 1.000000
2771.428571 407.142857 0.000000 0.000000 0.000000 1.000000
2771.428571 450.000000 0.000000 0.000000 0.000000 1.000000
2771.428571 492.857143 0.000000 0.000000 0.000000 1.000000
2771.428571 535.714286 0.000000 0.000000 0.000000 1.000000
2771.428571 578.571429 0.000000 0.000000 0.000000 1.000000
2771.428571 621.428571 0.000000 0.000000 0.000000 1.000000
2771.428571 664.285714 0.000000 0.000000 0.000000 1.000000
2771.428571 707.142857 0.000000 0.000000 0.000000 1.000000
2771.428571 750.000000 0.000000 0.000000 0.000000 1.000000
2771.428571 792.857143 0.000000 0.000000 0.000000 1.000000
2771.428571 835.714286 0.000000 0.000000 0.000000 1.000000
2771.428571 878.571429 0.000000 0.000000 0.000000 1.000000
2771.428571 921.428571 0.000000 0.000000 0.000000 1.000000
2771.428571 964.285714 0.000000 0.000000 0.000000 1.000000
2771.428571 1007.142857 0.000000 0.000000 0.000000 1.000000
2771.428571 1050.000000 0.000000 0.000000 0.000000 1.000000
2771.428571 1092.857143 0.000000 0.000000 0.000000 1.000000
2771.428571 1135.714286 0.000000 0.000000 0.000000 1.000000
2771.428571 1178.571429 0.000000 0.000000 0.000000 1.000000
2771.428571 1221.428571 0.000000 0.000000 0.000000 1.000000
2771.428571 1264.285714 0.000000 0.000000 0.000000 1.000000
2771.428571 1307.142857 0.000000 0.000000 0.000000 1.000000
2771.428571 1350.000000 0.000000 0.000000 0.000000 1.000000
2771.428571 1392.857143 0.000000 0.000000 0.000000 1.000000
2771.428571 1435.714286 0.000000 0.000000 0.000000 1.000000
2771.428571 1478.571429 0.000000 0.000000 0.000000 1.000000
2771.428571 1521.428571 0.000000 0.000000 0.000000 1.000000
85.714286 278.571429 0.000000 0.000000 0.000000 0.000000
2771.428571 192.857143 0.000000 0.000000 0.000000 1.000000
2771.428571 235.714286 0.000000 0.000000 0.000000 1.000000
2771.428571 278.571429 0.000000 0.000000 0.000000 1.000000
2771.428571 321.428571 0.000000 0.000000 0.000000 1.000000
2771.428571 364.285714 0.000000 0.000000 0.000000 1.000000
2771.428571 407.142857 0.000000 0.000000 0.000000 1.000000
2771.428571 450.000000 0.000000 0.000000 0.000000 1.000000
2771.428571 492.857143 0.000000 0.000000 0.000000 1.000000
2771.428571 535.714286 0.000000 0.000000 0.000000 1.000000
2771.428571 578.571429 0.000000 0.000000 0.000000 1.000000
2771.428571 621.428571 0.000000 0.000000 0.000000 1.000000
2771.428571 664.285714 0.000000 0.000000 0.000000 1.000000
2771.428571 707.142857 0.000000 0.000000 0.000000 1.000000
2771.428571 750.000000 0.000000 0.000000 0.000000 1.000000
2771.428571 792.857143 0.000000 0.000000 0.000000 1.000000
2771.428571 835.714286 0.000000 0.000000 0.000000 1.000000
2771.428571 878.571429 0.000000 0.000000 0.000000 1.000000
2771.428571 921.428571 0.000000 0.000000 0.000000 1.000000
2771.428571 964.285714 0.000000 0.000000 0.000000 1.000000
2771.428571 1007.142857 0.000000 0.000000 0.000000 1.000000
2771.428571 1050.000000 0.000000 0.000000 0.000000 1.000000
2771.428571 1092.857143 0.000000 0.000000 0.000000 1.000000
2771.428571 1135.714286 0.000000 0.000000 0.000000 1.000000
2771.428571 1178.571429 0.000000 0.000000 0.000000 1.000000
2771.428571 1221.428571 0.000000 0.000000 0.000000 1.000000
2771.428571 1264.285714 0.000000 0.000000 0.000000 1.000000
2771.428571 1307.142857 0.000000 0.000000 0.000000 1.000000
2771.428571 1350.000000 0.000000 0.000000 0.000000 1.000000
2771.428571 1392.857143 0.000000 0.000000 0.000000 1.000000
2771.428571 1435.714286 0.000000 0.000000 0.000000 1.000000
2771.428571 1478.571429 0.000000 0.000000 0.000000 1.000000
2771.428571 1521.428571 0.000000 0.000000 0.000000 1.000000
85.714286 321.428571 0.000000 0.000000 0.000000 0.000000
2771.428571 192.857143 0.000000 0.000000 0.000000 1.000000
2771.428571 235.714286 0.000000 0.000000 0.000000 1.000000
2771.428571 278.571429 0.000000 0.000000 0.000000 1.000000
2771.428571 321.428571 0.000000 0.000000 0.000000 1.000000
2771.428571 364.285714 0.000000 0.000000 0.000000 1.000000
2771.428571 407.142857 0.000000 0.000000 0.000000 1.000000
2771.428571 450.000000 0.000000 0.000000 0.000000 1.000000
2771.428571 492.857143 0.000000 0.000000 0.000000 1.000000
2771.428571 535.714286 0.000000 0.000000 0.000000 1.000000
2771.428571 578.571429 0.000000 0.000000 0.000000 1.000000
2771.428571 621.428571 0.000000 0.000000 0.000000 1.000000
2771.428571 664.285714 0.000000 0.000000 0.000000 1.000000
2771.428571 707.142857 0.000000 0.000000 0.000000 1.000000
2771.428571 750.000000 0.000000 0.000000 0.000000 1.000000
2771.428571 792.857143 0.000000 0.000000 0.000000 1.000000
2771.428571 835.714286 0.000000 0.000000 0.000000 1.000000
2771.428571 878.571429 0.000000 0.000000 0.000000 1.000000
2771.428571 921.428571 0.000000 0.000000 0.000000 1.000000
2771.428571 964.285714 0.000000 0.000000 0.000000 1.000000
2771.428571 1007.142857 0.000000 0.000000 0.000000 1.000000
2771.428571 1050.000000 0.000000 0.000000 0.000000 1.000000
2771.428571 1092.857143 0.000000 0.000000 0.000000 1.000000
2771.428571 1135.714286 0.000000 0.000000 0.000000 1.000000
2771.428571 1178.571429 0.000000 0.000000 0.000000 1.000000
2771.428571 1221.428571 0.000000 0.000000 0.000000 1.000000
2771.428571 1264.285714 0.000000 0.000000 0.000000 1.000000
2771.428571 1307.142857 0.000000 0.000000 0.000000 1.000000
2771.428571 1350.000000 0.000000 0.000000 0.000000 1.000000
2771.428571 1392.857143 0.000000 0.000000 0.000000 1.000000
2771.428571 1435.714286 0.000000 0.000000 0.000000 1.000000
2771.428571 1478.571429 0.000000 0.000000 0.000000 1.000000
2771.428571 1521.428571 0.000000 0.000000 0.000000 1.000000
85.714286 364.285714 0.000000 0.000000 0.000000 0.000000
2771.428571 192.857143 0.000000 0.000000 0.000000 1.000000
2771.428571 235.714286 0.000000 0.000000 0.000000 1.000000
2771.428571 278.571429 0.000000 0.000000 0.000000 1.000000
2771.428571 321.428571 0.000000 0.000000 0.000000 1.000000
2771.428571 364.285714 0.000000 0.000000 0.000000 1.000000
2771.428571 407.142857 0.000000 0.000000 0.000000 1.000000
2771.428571 450.000000 0.000000 0.000000 0.000000 1.000000
2771.428571 492.857143 0.000000 0.000000 0.000000 1.000000
2771.428571 535.714286 0.000000 0.000000 0.000000 1.000000
2771.428571 578.571429 0.000000 0.000000 0.000000 1.000000
2771.428571 621.428571 0.000000 0.000000 0.000000 1.000000
2771.428571 664.285714 0.000000 0.000000 0.000000 1.000000
2771.428571 707.142857 0.000000 0.000000 0.000000 1.000000
2771.428571 750.000000 0.000000 0.000000 0.000000 1.000000
2771.428571 792.857143 0.000000 0.000000 0.000000 1.000000
2771.428571 835.714286 0.000000 0.000000 0.000000 1.000000
2771.428571 878.571429 0.000000 0.000000 0.000000 1.000000
2771.428571 921.428571 0.000000 0.000000 0.000000 1.000000
2771.428571 964.285714 0.000000 0.000000 0.000000 1.000000
2771.428571 1007.142857 0.000000 0.000000 0.000000 1.000000
2771.428571 1050.000000 0.000000 0.000000 0.000000 1.000000
2771.428571 1092.857143 0.000000 0.000000 0.000000 1.000000
2771.428571 1135.714286 0.000000 0.000000 0.000000 1.000000
2771.428571 1178.571429 0.000000 0.000000 0.000000 1.000000
2771.428571 1221.428571 0.000000 0.000000 0.000000 1.000000
2771.428571 1264.285714 0.000000 0.000000 0.000000 1.000000
2771.428571 1307.142857 0.000000 0.000000 0.000000 1.000000
2771.428571 1350.000000 0.000000 0.000000 0.000000 1.000000
2771.428571 1392.857143 0.000000 0.000000 0.000000 1.000000
2771.428571 1435.714286 0.000000 0.000000 0.000000 1.000000
2771.428571 1478.571429 0.000000 0.000000 0.000000 1.000000
2771.428571 1521.428571 0.000000 0.000000 0.000000 1.000000
85.714286 407.142857 0.000000 0.000000 0.000000 0.000000
2771.428571 192.857143 0.000000 0.000000 0.000000 1.000000
2771.428571 235.714286 0.000000 0.000000 0.000000 1.000000
2771.428571 278.571429 0.000000 0.000000 0.000000 1.000000
2771.428571 321.428571 0.000000 0.000000 0.000000 1.000000
2771.428571 364.285714 0.000000 0.000000 0.000000 1.000000
2771.428571 407.142857 0.000000 0.000000 0.000000 1.000000
2771.428571 450.000000 0.000000 0.000000 0.000000 1.000000
2771.428571 492.857143 0.000000 0.000000 0.000000 1.000000
2771.428571 535.714286 0.000000 0.000000 0.000000 1.000000
2771.428571 578.571429 0.000000 0.000000 0.000000 1.000000
2771.428571 621.428571 0.000000 0.000000 0.000000 1.000000
2771.428571 664.285714 0.000000 0.000000 0.000000 1.000000
2771.428571 707.142857 0.000000 0.000000 0.000000 1.000000
2771.428571 750.000000 0.000000 0.000000 0.000000 1.000000
2771.428571 792.857143 0.000000 0.000000 0.000000 1.000000
2771.428571 835.714286 0.000000 0.000000 0.000000 1.000000
2771.428571 878.571429 0.000000 0.000000 0.000000 1.000000
2771.428571 921.428571 0.000000 0.000000 0.000000 1.000000
2771.428571 964.285714 0.000000 0.000000 0.000000 1.000000
2771.428571 1007.142857 0.000000 0.000000 0.000000 1.000000
2771.428571 1050.000000 0.000000 0.000000 0.000000 1.000000
2771.428571 1092.857143 0.000000 0.000000 0.000000 1.000000
2771.428571 1135.714286 0.000000 0.000000 0.000000 1.000000
2771.428571 1178.571429 0.000000 0.000000 0.000000 1.000000
2771.428571 1221.428571 0.000000 0.000000 0.000000 1.000000
2771.428571 1264.285714 0.000000 0.000000 0.000000 1.000000
2771.428571 1307.142857 0.000000 0.000000 0.000000 1.000000
2771.428571 1350.000000 0.000000 0.000000 0.000000 1.000000
2771.428571 1392.857143 0.000000 0.000000 0.000000 1.000000
2771.428571 1435.714286 0.000000 0.000000 0.000000 1.000000
2771.428571 1478.571429 0.000000 0.000000 0.000000 1.000000
2771.428571 1521.428571 0.000000 0.000000 0.000000 1.000000
85.714286 450.000000 0.000000 0.000000 0.000000 0.000000
2771.428571 192.857143 0.000000 0.000000 0.000000 1.000000
2771.428571 235.714286 0.000000 0.000000 0.000000 1.000000
2771.428571 278.571429 0.000000 0.000000 0.000000 1.000000
2771.428571 321.428571 0.000000 0.000000 0.000000 1.000000
2771.428571 364.285714 0.000000 0.000000 0.000000 1.000000
2771.428571 407.142857 0.000000 0.000000 0.000000 1.000000
2771.428571 450.000000 0.000000 0.000000 0.000000 1.000000
2771.428571 492.857143 0.000000 0.000000 0.000000 1.000000
2771.428571 535.714286 0.000000 0.000000 0.000000 1.000000
2771.428571 578.571429 0.000000 0.000000 0.000000 1.000000
2771.428571 621.428571 0.000000 0.000000 0.000000 1.000000
2771.428571 664.285714 0.000000 0.000000 0.000000 1.000000
2771.428571 707.142857 0.000000 0.000000 0.000000 1.000000
2771.428571 750.000000 0.000000 0.000000 0.000000 1.000000
2771.428571 792.857143 0.000000 0.000000 0.000000 1.000000
2771.428571 835.714286 0.000000 0.000000 0.000000 1.000000
2771.428571 878.571429 0.000000 0.000000 0.000000 1.000000
2771.428571 921.428571 0.000000 0.000000 0.000000 1.000000
2771.428571 964.285714 0.000000 0.000000 0.000000 1.000000
2771.428571 1007.142857 0.000000 0.000000 0.000000 1.000000
2771.428571 1050.000000 0.000000 0.000000 0.000000 1.000000
2771.428571 1092.857143 0.000000 0.000000 0.000000 1.000000
2771.428571 1135.714286 0.000000 0.000000 0.000000 1.000000
2771.428571 1178.571429 0.000000 0.000000 0.000000 1.000000
2771.428571 1221.428571 0.000000 0.000000 0.000000 1.000000
2771.428571 1264.285714 0.000000 0.000000 0.000000 1.000000
2771.428571 1307.142857 0.000000 0.000000 0.000000 1.000000
2771.428571 1350.000000 0.000000 0.000000 0.000000 1.000000
2771.428571 1392.857143 0.000000 0.000000 0.000000 1.000000
2771.428571 1435.714286 0.000000 0.000000 0.000000 1.000000
2771.428571 1478.571429 0.000000 0.000000 0.000000 1.000000
2771.428571 1521.428571 0.000000 0.000000 0.000000 1.000000
85.714286 492.857143 0.000000 0.000000 0.000000 0.000000
2771.428571 192.857143 0.000000 0.000000 0.000000 1.000000
2771.428571 235.714286 0.000000 0.000000 0.000000 1.000000
2771.428571 278.571429 0.000000 0.000000 0.000000 1.000000
2771.428571 321.428571 0.000000 0.000000 0.000000 1.000000
2771.428571 364.285714 0.000000 0.000000 0.000000 1.000000
2771.428571 407.142857 0.000000 0.000000 0.000000 1.000000
2771.428571 450.000000 0.000000 0.000000 0.000000 1.000000
2771.428571 492.857143 0.000000 0.000000 0.000000 1.000000
2771.428571 535.714286 0.000000 0.000000 0.000000 1.000000
2771.428571 578.571429 0.000000 0.000000 0.000000 1.000000
2771.428571 621.428571 0.000000 0.000000 0.000000 1.000000
2771.428571 664.285714 0.000000 0.000000 0.000000 1.000000
2771.428571 707.142857 0.000000 0.000000 0.000000 1.000000
2771.428571 750.000000 0.000000 0.000000 0.000000 1.000000
2771.428571 792.857143 0.000000 0.000000 0.000000 1.000000
2771.428571 835.714286 0.000000 0.000000 0.000000 1.000000
2771.428571 878.571429 0.000000 0.000000 0.000000 1.000000
2771.428571 921.428571 0.000000 0.000000 0.000000 1.000000
2771.428571 964.285714 0.000000 0.000000 0.000000 1.000000
2771.428571 1007.142857 0.000000 0.000000 0.000000 1.000000
2771.428571 1050.000000 0.000000 0.000000 0.000000 1.000000
2771.428571 1092.857143 0.000000 0.000000 0.000000 1.000000
2771.428571 1135.714286 0.000000 0.000000 0.000000 1.000000
2771.428571 1178.571429 0.000000 0.000000 0.000000 1.000000
2771.428571 1221.428571 0.000000 0.000000 0.000000 1.000000
2771.428571 1264.285714 0.000000 0.000000 0.000000 1.000000
2771.428571 1307.142857 0.000000 0.000000 0.000000 1.000000
2771.428571 1350.000000 0.000000 0.000000 0.000000 1.000000
2771.428571 1392.857143 0.000000 0.000000 0.000000 1.000000
2771.428571 1435.714286 0.000000 0.000000 0.000000 1.000000
2771.428571 1478.571429 0.000000 0.000000 0.000000 1.000000
2771.428571 1521.428571 0.000000 0.000000 0.000000 1.000000
85.714286 535.714286 0.000000 0.000000 0.000000 0.000000
2771.428571 192.857143 0.000000 0.000000 0.000000 1.000000
2771.428571 235.714286 0.000000 0.000000 0.000000 1.000000
2771.428571 278.571429 0.000000 0.000000 0.000000 1.000000
2771.428571 321.428571 0.000000 0.000000 0.000000 1.000000
2771.428571 364.285714 0.000000 0.000000 0.000000 1.000000
2771.428571 407.142857 0.000000 0.000000 0.000000 1.000000
2771.428571 450.000000 0.000000 0.000000 0.000000 1.000000
2771.428571 492.857143 0.000000 0.000000 0.000000 1.000000
2771.428571 535.714286 0.000000 0.000000 0.000000 1.000000
2771.428571 578.571429 0.000000 0.000000 0.000000 1.000000
2771.428571 621.428571 0.000000 0.000000 0.000000 1.000000
2771.428571 664.285714 0.000000 0.000000 0.000000 1.000000
2771.428571 707.142857 0.000000 0.000000 0.000000 1.000000
2771.428571 750.000000 0.000000 0.000000 0.000000 1.000000
2771.428571 792.857143 0.000000 0.000000 0.000000 1.000000
2771.428571 835.714286 0.000000 0.000000 0.000000 1.000000
2771.428571 878.571429 0.000000 0.000000 0.000000 1.000000
2771.428571 921.428571 0.000000 0.000000 0.000000 1.000000
2771.428571 964.285714 0.000000 0.000000 0.000000 1.000000
2771.428571 1007.142857 0.000000 0.000000 0.000000 1.000000
2771.428571 1050.000000 0.000000 0.000000 0.000000 1.000000
2771.428571 1092.857143 0.000000 0.000000 0.000000 1.000000
2771.428571 1135.714286 0.000000 0.000000 0.000000 1.000000
2771.428571 1178.571429 0.000000 0.000000 0.000000 1.000000
2771.428571 1221.428571 0.000000 0.000000 0.000000 1.000000
2771.428571 1264.285714 0.000000 0.000000 0.000000 1.000000
2771.428571 1307.142857 0.000000 0.000000 0.000000 1.000000
2771.428571 1350.000000 0.000000 0.000000 0.000000 1.000000
2771.428571 1392.857143 0.000000 0.000000 0.000000 1.000000
2771.428571 1435.714286 0.000000 0.000000 0.000000 1.000000
2771.428571 1478.571429 0.000000 0.000000 0.000000 1.000000
2771.428571 1521.428571 0.000000 0.000000 0.000000 1.000000
85.714286 578.571429 0.000000 0.000000 0.000000 0.000000
2771.428571 192.857143 0.000000 0.000000 0.000000 1.000000
2771.428571 235.714286 0.000000 0.000000 0.000000 1.000000
2771.428571 278.571429 0.000000 0.000000 0.000000 1.000000
2771.428571 321.428571 0.000000 0.000000 0.000000 1.000000
2771.428571 364.285714 0.000000 0.000000 0.000000 1.000000
2771.428571 407.142857 0.000000 0.000000 0.000000 1.000000
2771.428571 450.000000 0.000000 0.000000 0.000000 1.000000
2771.428571 492.857143 0.000000 0.000000 0.000000 1.000000
2771.428571 535.714286 0.000000 0.000000 0.000000 1.000000
2771.428571 578.571429 0.000000 0.000000 0.000000 1.000000
2771.428571 621.428571 0.000000 0.000000 0.000000 1.000000
2771.428571 664.285714 0.000000 0.000000 0.000000 1.000000
2771.428571 707.142857 0.000000 0.000000 0.000000 1.000000
2771.428571 750.000000 0.000000 0.000000 0.000000 1.000000
2771.428571 792.857143 0.000000 0.000000 0.000000 1.000000
2771.428571 835.714286 0.000000 0.000000 0.000000 1.000000
2771.428571 878.571429 0.000000 0.000000 0.000000 1.000000
2771.428571 921.428571 0.000000 0.000000 0.000000 1.000000
2771.428571 964.285714 0.000000 0.000000 0.000000 1.000000
2771.428571 1007.142857 0.000000 0.000000 0.000000 1.000000
2771.428571 1050.000000 0.000000 0.000000 0.000000 1.000000
2771.428571 1092.857143 0.000000 0.000000 0.000000 1.000000
2771.428571 1135.714286 0.000000 0.000000 0.000000 1.000000
2771.428571 1178.571429 0.000000 0.000000 0.000000 1.000000
2771.428571 1221.428571 0.000000 0.000000 0.000000 1.000000
2771.428571 1264.285714 0.000000 0.000000 0.000000 1.000000
2771.428571 1307.142857 0.000000 0.000000 0.000000 1.000000
2771.428571 1350.000000 0.000000 0.000000 0.000000 1.000000
2771.428571 1392.857143 0.000000 0.000000 0.000000 1.000000
2771.428571 1435.714286 0.000000 0.000000 0.000000 1.000000
2771.428571 1478.571429 0.000000 0.000000 0.000000 1.000000
2771.428571 1521.428571 0.000000 0.000000 0.000000 1.000000
85.714286 621.428571 0.000000 0.000000 0.000000 0.000000
2771.428571 192.857143 0.000000 0.000000 0.000000 1.000000
2771.428571 235.714286 0.000000 0.000000 0.000000 1.000000
2771.428571 278.571429 0.000000 0.000000 0.000000 1.000000
2771.428571 321.428571 0.000000 0.000000 0.000000 1.000000
2771.428571 364.285714 0.000000 0.000000 0.000000 1.000000
2771.428571 407.142857 0.000000 0.000000 0.000000 1.000000
2771.428571 450.000000 0.000000 0.000000 0.000000 1.000000
2771.428571 492.857143 0.000000 0.000000 0.000000 1.000000
2771.428571 535.714286 0.000000 0.000000 0.000000 1.000000
2771.428571 578.571429 0.000000 0.000000 0.000000 1.000000
2771.428571 621.428571 0.000000 0.000000 0.000000 1.000000
2771.428571 664.285714 0.000000 0.000000 0.000000 1.000000
2771.428571 707.142857 0.000000 0.000000 0.000000 1.000000
2771.428571 750.000000 0.000000 0.000000 0.000000 1.000000
2771.428571 792.857143 0.000000 0.000000 0.000000 1.000000
2771.428571 835.714286 0.000000 0.000000 0.000000 1.000000
2771.428571 878.571429 0.000000 0.000000 0.000000 1.000000
2771.428571 921.428571 0.000000 0.000000 0.000000 1.000000
2771.428571 964.285714 0.000000 0.000000 0.000000 1.000000
2771.428571 1007.142857 0.000000 0.000000 0.000000 1.000000
2771.428571 1050.000000 0.000000 0.000000 0.000000 1.000000
2771.428571 1092.857143 0.000000 0.000000 0.000000 1.000000
2771.428571 1135.714286 0.000000 0.000000 0.000000 1.000000
2771.428571 1178.571429 0.000000 0.000000 0.000000 1.000000
2771.428571 1221.428571 0.000000 0.000000 0.000000 1.000000
2771.428571 1264.285714 0.000000 0.000000 0.000000 1.000000
2771.428571 1307.142857 0.000000 0.000000 0.000000 1.000000
2771.428571 1350.000000 0.000000 0.000000 0.000000 1.000000
2771.428571 1392.857143 0.000000 0.000000 0.000000 1.000000
2771.428571 1435.714286 0.000000 0.000000 0.000000 1.000000
2771.428571 1478.571429 0.000000 0.000000 0.000000 1.000000
2771.428571 1521.428571 0.000000 0.000000 0.000000 1.000000
85.714286 664.285714 0.000000 0.000000 0.000000 0.000000
2771.428571 192.857143 0.000000 0.000000 0.000000 1.000000
2771.428571 235.714286 0.000000 0.000000 0.000000 1.000000
2771.428571 278.571429 0.000000 0.000000 0.000000 1.000000
2771.428571 321.428571 0.000000 0.000000 0.000000 1.000000
2771.428571 364.285714 0.000000 0.000000 0.000000 1.000000
2771.428571 407.142857 0.000000 0.000000 0.000000 1.000000
2771.428571 450.000000 0.000000 0.000000 0.000000 1.000000
2771.428571 492.857143 0.000000 0.000000 0.000000 1.000000
2771.428571 535.714286 0.000000 0.000000 0.000000 1.000000
2771.428571 578.571429 0.000000 0.000000 0.000000 1.000000
2771.428571 621.428571 0.000000 0.000000 0.000000 1.000000
2771.428571 664.285714 0.000000 0.000000 0.000000 1.000000
2771.428571 707.142857 0.000000 0.000000 0.000000 1.000000
2771.428571 750.000000 0.000000 0.000000 0.000000 1.000000
2771.428571 792.857143 0.000000 0.000000 0.000000 1.000000
2771.428571 835.714286 0.000000 0.000000 0.000000 1.000000
2771.428571 878.571429 0.000000 0.000000 0.000000 1.000000
2771.428571 921.428571 0.000000 0.000000 0.000000 1.000000
2771.428571 964.285714 0.000000 0.000000 0.000000 1.000000
2771.428571 1007.142857 0.000000 0.000000 0.000000 1.000000
2771.428571 1050.000000 0.000000 0.000000 0.000000 1.000000
2771.428571 1092.857143 0.000000 0.000000 0.000000 1.000000
2771.428571 1135.714286 0.000000 0.000000 0.000000 1.000000
2771.428571 1178.571429 0.000000 0.000000 0.000000 1.000000
2771.428571 1221.428571 0.000000 0.000000 0.000000 1.000000
2771.428571 1264.285714 0.000000 0.000000 0.000000 1.000000
2771.428571 1307.142857 0.000000 0.000000 0.000000 1.000000
2771.428571 1350.000000 0.000000 0.000000 0.000000 1.000000
2771.428571 1392.857143 0.000000 0.000000 0.000000 1.000000
2771.428571 1435.714286 0.000000 0.000000 0.000000 1.000000
2771.428571 1478.571429 0.000000 0.000000 0.000000 1.000000
2771.428571 1521.428571 0.000000 0.000000 0.000000 1.000000
85.714286 707.142857 0.000000 0.000000 0.000000 0.000000
2771.428571 192.857143 0.000000 0.000000 0.000000 1.000000
2771.428571 235.714286 0.000000 0.000000 0.000000 1.000000
2771.428571 278.571429 0.000000 0.000000 0.000000 1.000000
2771.428571 321.428571 0.000000 0.000000 0.000000 1.000000
2771.428571 364.285714 0.000000 0.000000 0.000000 1.000000
2771.428571 407.142857 0.000000 0.000000 0.000000 1.000000
2771.428571 450.000000 0.000000 0.000000 0.000000 1.000000
2771.428571 492.857143 0.000000 0.000000 0.000000 1.000000
2771.428571 535.714286 0.000000 0.000000 0.000000 1.000000
2771.428571 578.571429 0.000000 0.000000 0.000000 1.000000
2771.428571 621.428571 0.000000 0.000000 0.000000 1.000000
2771.428571 664.285714 0.000000 0.000000 0.000000 1.000000
2771.428571 707.142857 0.000000 0.000000 0.000000 1.000000
2771.428571 750.000000 0.000000 0.000000 0.000000 1.000000
2771.428571 792.857143 0.000000 0.000000 0.000000 1.000000
2771.428571 835.714286 0.000000 0.000000 0.000000 1.000000
2771.428571 878.571429 0.000000 0.000000 0.000000 1.000000
2771.428571 921.428571 0.000000 0.000000 0.000000 1.000000
2771.428571 964.285714 0.000000 0.000000 0.000000 1.000000
2771.428571 1007.142857 0.000000 0.000000 0.000000 1.000000
2771.428571 1050.000000 0.000000 0.000000 0.000000 1.000000
2771.428571 1092.857143 0.000000 0.000000 0.000000 1.000000
2771.428571 1135.714286 0.000000 0.000000 0.000000 1.000000
2771.428571 1178.571429 0.000000 0.000000 0.000000 1.000000
2771.428571 1221.428571 0.000000 0.000000 0.000000 1.000000
2771.428571 1264.285714 0.000000 0.000000 0.000000 1.000000
2771.428571 1307.142857 0.000000 0.000000 0.000000 1.000000
2771.428571 1350.000000 0.000000 0.000000 0.000000 1.000000
2771.428571 1392.857143 0.000000 0.000000 0.000000 1.000000
2771.428571 1435.714286 0.000000 0.000000 0.000000 1.000000
2771.428571 1478.571429 0.000000 0.000000 0.000000 1.000000
2771.428571 1521.428571 0.000000 0.000000 0.000000 1.000000
85.714286 750.000000 0.000000 0.000000 0.000000 0.000000
2771.428571 192.857143 0.000000 0.000000 0.000000 1.000000
2771.428571 235.714286 0.000000 0.000000 0.000000 1.000000
2771.428571 278.571429 0.000000 0.000000 0.000000 1.000000
2771.428571 321.428571 0.000000 0.000000 0.000000 1.000000
2771.428571 364.285714 0.000000 0.000000 0.000000 1.000000
2771.428571 407.142857 0.000000 0.000000 0.000000 1.000000
2771.428571 450.000000 0.000000 0.000000 0.000000 1.000000
2771.428571 492.857143 0.000000 0.000000 0.000000 1.000000
2771.428571 535.714286 0.000000 0.000000 0.000000 1.000000
2771.428571 578.571429 0.000000 0.000000 0.000000 1.000000
2771.428571 621.428571 0.000000 0.000000 0.000000 1.000000
2771.428571 664.285714 0.000000 0.000000 0.000000 1.000000
2771.428571 707.142857 0.000000 0.000000 0.000000 1.000000
2771.428571 750.000000 0.000000 0.000000 0.000000 1.000000
2771.428571 792.857143 0.000000 0.000000 0.000000 1.000000
2771.428571 835.714286 0.000000 0.000000 0.000000 1.000000
2771.428571 878.571429 0.000000 0.000000 0.000000 1.000000
2771.428571 921.428571 0.000000 0.000000 0.000000 1.000000
2771.428571 964.285714 0.000000 0.000000 0.000000 1.000000
2771.428571 1007.142857 0.000000 0.000000 0.000000 1.000000
2771.428571 1050.000000 0.000000 0.000000 0.000000 1.000000
2771.428571 1092.857143 0.000000 0.000000 0.000000 1.000000
2771.428571 1135.714286 0.000000 0.000000 0.000000 1.000000
2771.428571 1178.571429 0.000000 0.000000 0.000000 1.000000
2771.428571 1221.428571 0.000000 0.000000 0.000000 1.000000
2771.428571 1264.285714 0.000000 0.000000 0.000000 1.000000
2771.428571 1307.142857 0.000000 0.000000 0.000000 1.000000
2771.428571 1350.000000 0.000000 0.000000 0.000000 1.000000
2771.428571 1392.857143 0.000000 0.000000 0.000000 1.000000
2771.428571 1435.714286 0.000000 0.000000 0.000000 1.000000
2771.428571 1478.571429 0.000000 0.000000 0.000000 1.000000
2771.428571 1521.428571 0.000000 0.000000 0.000000 1.000000
85.714286 792.857143 0.000000 0.000000 0.000000 0.000000
2771.428571 192.857143 0.000000 0.000000 0.000000 1.000000
2771.428571 235.714286 0.000000 0.000000 0.000000 1.000000
2771.428571 278.571429 0.000000 0.000000 0.000000 1.000000
2771.428571 321.428571 0.000000 0.000000 0.000000 1.000000
2771.428571 364.285714 0.000000 0.000000 0.000000 1.000000
2771.428571 407.142857 0.000000 0.000000 0.000000 1.000000
2771.428571 450.000000 0.000000 0.000000 0.000000 1.000000
2771.428571 492.857143 0.000000 0.000000 0.000000 1.000000
2771.428571 535.714286 0.000000 0.000000 0.000000 1.000000
2771.428571 578.571429 0.000000 0.000000 0.000000 1.000000
2771.428571 621.428571 0.000000 0.000000 0.000000 1.000000
2771.428571 664.285714 0.000000 0.000000 0.000000 1.000000
2771.428571 707.142857 0.000000 0.000000 0.000000 1.000000
2771.428571 750.000000 0.000000 0.000000 0.000000 1.000000
2771.428571 792.857143 0.000000 0.000000 0.000000 1.000000
2771.428571 835.714286 0.000000 0.000000 0.000000 1.000000
2771.428571 878.571429 0.000000 0.000000 0.000000 1.000000
2771.428571 921.428571 0.000000 0.000000 0.000000 1.000000
2771.428571 964.285714 0.000000 0.000000 0.000000 1.000000
2771.428571 1007.142857 0.000000 0.000000 0.000000 1.000000
2771.428571 1050.000000 0.000000 0.000000 0.000000 1.000000
2771.428571 1092.857143 0.000000 0.000000 0.000000 1.000000
2771.428571 1135.714286 0.000000 0.000000 0.000000 1.000000
2771.428571 1178.571429 0.000000 0.000000 0.000000 1.000000
2771.428571 1221.428571 0.000000 0.000000 0.000000 1.000000
2771.428571 1264.285714 0.000000 0.000000 0.000000 1.000000
2771.428571 1307.142857 0.000000 0.000000 0.000000 1.000000
2771.428571 1350.000000 0.000000 0.000000 0.000000 1.000000
2771.428571 1392.857143 0.000000 0.000000 0.000000 1.000000
2771.428571 1435.714286 0.000000 0.000000 0.000000 1.000000
2771.428571 1478.571429 0.000000 0.000000 0.000000 1.000000
2771.428571 1521.428571 0.000000 0.000000 0.000000 1.000000
85.714286 835.714286 0.000000 0.000000 0.000000 0.000000
2771.428571 192.857143 0.000000 0.000000 0.000000 1.000000
2771.428571 235.714286 0.000000 0.000000 0.000000 1.000000
2771.428571 278.571429 0.000000 0.000000 0.000000 1.000000
2771.428571 321.428571 0.000000 0.000000 0.000000 1.000000
2771.428571 364.285714 0.000000 0.000000 0.000000 1.000000
2771.428571 407.142857 0.000000 0.000000 0.000000 1.000000
2771.428571 450.000000 0.000000 0.000000 0.000000 1.000000
2771.428571 492.857143 0.000000 0.000000 0.000000 1.000000
2771.428571 535.714286 0.000000 0.000000 0.000000 1.000000
2771.428571 578.571429 0.000000 0.000000 0.000000 1.000000
2771.428571 621.428571 0.000000 0.000000 0.000000 1.000000
2771.428571 664.285714 0.000000 0.000000 0.000000 1.000000
2771.428571 707.142857 0.000000 0.000000 0.000000 1.000000
2771.428571 750.000000 0.000000 0.000000 0.000000 1.000000
2771.428571 792.857143 0.000000 0.000000 0.000000 1.000000
2771.428571 835.714286 0.000000 0.000000 0.000000 1.000000
2771.428571 878.571429 0.000000 0.000000 0.000000 1.000000
2771.428571 921.428571 0.000000 0.000000 0.000000 1.000000
2771.428571 964.285714 0.000000 0.000000 0.000000 1.000000
2771.428571 1007.142857 0.000000 0.000000 0.000000 1.000000
2771.428571 1050.000000 0.000000 0.000000 0.000000 1.000000
2771.428571 1092.857143 0.000000 0.000000 0.000000 1.000000
2771.428571 1135.714286 0.000000 0.000000 0.000000 1.000000
2771.428571 1178.571429 0.000000 0.000000 0.000000 1.000000
2771.428571 1221.428571 0.000000 0.000000 0.000000 1.000000
2771.428571 1264.285714 0.000000 0.000000 0.000000 1.000000
2771.428571 1307.142857 0.000000 0.000000 0.000000 1.000000
2771.428571 1350.000000 0.000000 0.000000 0.000000 1.000000
2771.428571 1392.857143 0.000000 0.000000 0.000000 1.000000
2771.428571 1435.714286 0.000000 0.000000 0.000000 1.000000
2771.428571 1478.571429 0.000000 0.000000 0.000000 1.000000
2771.428571 1521.428571 0.000000 0.000000 0.000000 1.000000
85.714286 878.571429 0.000000 0.000000 0.000000 0.000000
2771.428571 192.857143 0.000000 0.000000 0.000000 1.000000
2771.428571 235.714286 0.000000 0.000000 0.000000 1.000000
2771.428571 278.571429 0.000000 0.000000 0.000000 1.000000
2771.428571 321.428571 0.000000 0.000000 0.000000 1.000000
2771.428571 364.285714 0.000000 0.000000 0.000000 1.000000
2771.428571 407.142857 0.000000 0.000000 0.000000 1.000000
2771.428571 450.000000 0.000000 0.000000 0.000000 1.000000
2771.428571 492.857143 0.000000 0.000000 0.000000 1.000000
2771.428571 535.714286 0.000000 0.000000 0.000000 1.000000
2771.428571 578.571429 0.000000 0.000000 0.000000 1.000000
2771.428571 621.428571 0.000000 0.000000 0.000000 1.000000
2771.428571 664.285714 0.000000 0.000000 0.000000 1.000000
2771.428571 707.142857 0.000000 0.000000 0.000000 1.000000
2771.428571 750.000000 0.000000 0.000000 0.000000 1.000000
2771.428571 792.857143 0.000000 0.000000 0.000000 1.000000
2771.428571 835.714286 0.000000 0.000000 0.000000 1.000000
2771.428571 878.571429 0.000000 0.000000 0.000000 1.000000
2771.428571 921.428571 0.000000 0.000000 0.000000 1.000000
2771.428571 964.285714 0.000000 0.000000 0.000000 1.000000
2771.428571 1007.142857 0.000000 0.000000 0.000000 1.000000
2771.428571 1050.000000 0.000000 0.000000 0.000000 1.000000
2771.428571 1092.857143 0.000000 0.000000 0.000000 1.000000
2771.428571 1135.714286 0.000000 0.000000 0.000000 1.000000
2771.428571 1178.571429 0.000000 0.000000 0.000000 1.000000
2771.428571 1221.428571 0.000000 0.000000 0.000000 1.000000
2771.428571 1264.285714 0.000000 0.000000 0.000000 1.000000
2771.428571 1307.142857 0.000000 0.000000 0.000000 1.000000
2771.428571 1350.000000 0.000000 0.000000 0.000000 1.000000
2771.428571 1392.857143 0.000000 0.000000 0.000000 1.000000
2771.428571 1435.714286 0.000000 0.000000 0.000000 1.000000
2771.428571 1478.571429 0.000000 0.000000 0.000000 1.000000
2771.428571 1521.428571 0.000000 0.000000 0.000000 1.000000
85.714286 921.428571 0.000000 0.000000 0.000000 0.000000
2771.428571 192.857143 0.000000 0.000000 0.000000 1.000000
2771.428571 235.714286 0.000000 0.000000 0.000000 1.000000
2771.428571 278.571429 0.000000 0.000000 0.000000 1.000000
2771.428571 321.428571 0.000000 0.000000 0.000000 1.000000
2771.428571 364.285714 0.000000 0.000000 0.000000 1.000000
2771.428571 407.142857 0.000000 0.000000 0.000000 1.000000
2771.428571 450.000000 0.000000 0.000000 0.000000 1.000000
2771.428571 492.857143 0.000000 0.000000 0.000000 1.000000
2771.428571 535.714286 0.000000 0.000000 0.000000 1.000000
2771.428571 578.571429 0.000000 0.000000 0.000000 1.000000
2771.428571 621.428571 0.000000 0.000000 0.000000 1.000000
2771.428571 664.285714 0.000000 0.000000 0.000000 1.000000
2771.428571 707.142857 0.000000 0.000000 0.000000 1.000000
2771.428571 750.000000 0.000000 0.000000 0.000000 1.000000
2771.428571 792.857143 0.000000 0.000000 0.000000 1.000000
2771.428571 835.714286 0.000000 0.000000 0.000000 1.000000
2771.428571 878.571429 0.000000 0.000000 0.000000 1.000000
2771.428571 921.428571 0.000000 0.000000 0.000000 1.000000
2771.428571 964.285714 0.000000 0.000000 0.000000 1.000000
2771.428571 1007.142857 0.000000 0.000000 0.000000 1.000000
2771.428571 1050.000000 0.000000 0.000000 0.000000 1.000000
2771.428571 1092.857143 0.000000 0.000000 0.000000 1.000000
2771.428571 1135.714286 0.000000 0.000000 0.000000 1.000000
2771.428571 1178.571429 0.000000 0.000000 0.000000 1.000000
2771.428571 1221.428571 0.000000 0.000000 0.000000 1.000000
2771.428571 1264.285714 0.000000 0.000000 0.000000 1.000000
2771.428571 1307.142857 0.000000 0.000000 0.000000 1.000000
2771.428571 1350.000000 0.000000 0.000000 0.000000 1.000000
2771.428571 1392.857143 0.000000 0.000000 0.000000 1.000000
2771.428571 1435.714286 0.000000 0.000000 0.000000 1.000000
2771.428571 1478.571429 0.000000 0.000000 0.000000 1.000000
2771.428571 1521.428571 0.000000 0.000000 0.000000 1.000000
85.714286 964.285714 0.000000 0.000000 0.000000 0.000000
2771.428571 192.857143 0.000000 0.000000 0.000000 1.000000
2771.428571 235.714286 0.000000 0.000000 0.000000 1.000000
2771.428571 278.571429 0.000000 0.000000 0.000000 1.000000
2771.428571 321.428571 0.000000 0.000000 0.000000 1.000000
2771.428571 364.285714 0.000000 0.000000 0.000000 1.000000
2771.428571 407.142857 0.000000 0.000000 0.000000 1.000000
2771.428571 450.000000 0.000000 0.000000 0.000000 1.000000
2771.428571 492.857143 0.000000 0.000000 0.000000 1.000000
2771.428571 535.714286 0.000000 0.000000 0.000000 1.000000
2771.428571 578.571429 0.000000 0.000000 0.000000 1.000000
2771.428571 621.428571 0.000000 0.000000 0.000000 1.000000
2771.428571 664.285714 0.000000 0.000000 0.000000 1.000000
2771.428571 707.142857 0.000000 0.000000 0.000000 1.000000
2771.428571 750.000000 0.000000 0.000000 0.000000 1.000000
2771.428571 792.857143 0.000000 0.000000 0.000000 1.000000
2771.428571 835.714286 0.000000 0.000000 0.000000 1.000000
2771.428571 878.571429 0.000000 0.000000 0.000000 1.000000
2771.428571 921.428571 0.000000 0.000000 0.000000 1.000000
2771.428571 964.285714 0.000000 0.000000 0.000000 1.000000
2771.428571 1007.142857 0.000000 0.000000 0.000000 1.000000
2771.428571 1050.000000 0.000000 0.000000 0.000000 1.000000
2771.428571 1092.857143 0.000000 0.000000 0.000000 1.000000
2771.428571 1135.714286 0.000000 0.000000 0.000000 1.000000
2771.428571 1178.571429 0.000000 0.000000 0.000000 1.000000
2771.428571 1221.428571 0.000000 0.000000 0.000000 1.000000
2771.428571 1264.285714 0.000000 0.000000 0.000000 1.000000
2771.428571 1307.142857 0.000000 0.000000 0.000000 1.000000
2771.428571 1350.000000 0.000000 0.000000 0.000000 1.000000
2771.428571 1392.857143 0.000000 0.000000 0.000000 1.000000
2771.428571 1435.714286 0.000000 0.000000 0.000000 1.000000
2771.428571 1478.571429 0.000000 0.000000 0.000000 1.000000
2771.428571 1521.428571 0.000000 0.000000 0.000000 1.000000
85.714286 1007.142857 0.000000 0.000000 0.000000 0.000000
2771.428571 192.857143 0.000000 0.000000 0.000000 1.000000
2771.428571 235.714286 0.000000 0.000000 0.000000 1.000000
2771.428571 278.571429 0.000000 0.000000 0.000000 1.000000
2771.428571 321.428571 0.000000 0.000000 0.000000 1.000000
2771.428571 364.285714 0.000000 0.000000 0.000000 1.000000
2771.428571 407.142857 0.000000 0.000000 0.000000 1.000000
2771.428571 450.000000 0.000000 0.000000 0.000000 1.000000
2771.428571 492.857143 0.000000 0.000000 0.000000 1.000000
2771.428571 535.714286 0.000000 0.000000 0.000000 1.000000
2771.428571 578.571429 0.000000 0.000000 0.000000 1.000000
2771.428571 621.428571 0.000000 0.000000 0.000000 1.000000
2771.428571 664.285714 0.000000 0.000000 0.000000 1.000000
2771.428571 707.142857 0.000000 0.000000 0.000000 1.000000
2771.428571 750.000000 0.000000 0.000000 0.000000 1.000000
2771.428571 792.857143 0.000000 0.000000 0.000000 1.000000
2771.428571 835.714286 0.000000 0.000000 0.000000 1.000000
2771.428571 878.571429 0.000000 0.000000 0.000000 1.000000
2771.428571 921.428571 0.000000 0.000000 0.000000 1.000000
2771.428571 964.285714 0.000000 0.000000 0.000000 1.000000
2771.428571 1007.142857 0.000000 0.000000 0.000000 1.000000
2771.428571 1050.000000 0.000000 0.000000 0.000000 1.000000
2771.428571 1092.857143 0.000000 0.000000 0.000000 1.000000
2771.428571 1135.714286 0.000000 0.000000 0.000000 1.000000
2771.428571 1178.571429 0.000000 0.000000 0.000000 1.000000
2771.428571 1221.428571 0.000000 0.000000 0.000000 1.000000
2771.428571 1264.285714 0.000000 0.000000 0.000000 1.000000
2771.428571 1307.142857 0.000000 0.000000 0.000000 1.000000
2771.428571 1350.000000 0.000000 0.000000 0.000000 1.000000
2771.428571 1392.857143 0.000000 0.000000 0.000000 1.000000
2771.428571 1435.714286 0.000000 0.000000 0.000000 1.000000
2771.428571 1478.571429 0.000000 0.000000 0.000000 1.000000
2771.428571 1521.428571 0.000000 0.000000 0.000000 1.000000
85.714286 1050.000000 0.000000 0.000000 0.000000 0.000000
2771.428571 192.857143 0.000000 0.000000 0.000000 1.000000
2771.428571 235.714286 0.000000 0.000000 0.000000 1.000000
2771.428571 278.571429 0.000000 0.000000 0.000000 1.000000
2771.428571 321.428571 0.000000 0.000000 0.000000 1.000000
2771.428571 364.285714 0.000000 0.000000 0.000000 1.000000
2771.428571 407.142857 0.000000 0.000000 0.000000 1.000000
2771.428571 450.000000 0.000000 0.000000 0.000000 1.000000
2771.428571 492.857143 0.000000 0.000000 0.000000 1.000000
2771.428571 535.714286 0.000000 0.000000 0.000000 1.000000
2771.428571 578.571429 0.000000 0.000000 0.000000 1.000000
2771.428571 621.428571 0.000000 0.000000 0.000000 1.000000
2771.428571 664.285714 0.000000 0.000000 0.000000 1.000000
2771.428571 707.142857 0.000000 0.000000 0.000000 1.000000
2771.428571 750.000000 0.000000 0.000000 0.000000 1.000000
2771.428571 792.857143 0.000000 0.000000 0.000000 1.000000
2771.428571 835.714286 0.000000 0.000000 0.000000 1.000000
2771.428571 878.571429 0.000000 0.000000 0.000000 1.000000
2771.428571 921.428571 0.000000 0.000000 0.000000 1.000000
2771.428571 964.285714 0.000000 0.000000 0.000000 1.000000
2771.428571 1007.142857 0.000000 0.000000 0.000000 1.000000
2771.428571 1050.000000 0.000000 0.000000 0.000000 1.000000
2771.428571 1092.857143 0.000000 0.000000 0.000000 1.000000
2771.428571 1135.714286 0.000000 0.000000 0.000000 1.000000
2771.428571 1178.571429 0.000000 0.000000 0.000000 1.000000
2771.428571 1221.428571 0.000000 0.000000 0.000000 1.000000
2771.428571 1264.285714 0.000000 0.000000 0.000000 1.000000
2771.428571 1307.142857 0.000000 0.000000 0.000000 1.000000
2771.428571 1350.000000 0.000000 0.000000 0.000000 1.000000
2771.428571 1392.857143 0.000000 0.000000 0.000000 1.000000
2771.428571 1435.714286 0.000000 0.000000 0.000000 1.000000
2771.428571 1478.571429 0.000000 0.000000 0.000000 1.000000
2771.428571 1521.428571 0.000000 0.000000 0.000000 1.000000
85.714286 1092.857143 0.000000 0.000000 0.000000 0.000000
2771.428571 192.857143 0.000000 0.000000 0.000000 1.000000
2771.428571 235.714286 0.000000 0.000000 0.000000 1.000000
2771.428571 278.571429 0.000000 0.000000 0.000000 1.000000
2771.428571 321.428571 0.000000 0.000000 0.000000 1.000000
2771.428571 364.285714 0.000000 0.000000 0.000000 1.000000
2771.428571 407.142857 0.000000 0.000000 0.000000 1.000000
2771.428571 450.000000 0.000000 0.000000 0.000000 1.000000
2771.428571 492.857143 0.000000 0.000000 0.000000 1.000000
2771.428571 535.714286 0.000000 0.000000 0.000000 1.000000
2771.428571 578.571429 0.000000 0.000000 0.000000 1.000000
2771.428571 621.428571 0.000000 0.000000 0.000000 1.000000
2771.428571 664.285714 0.000000 0.000000 0.000000 1.000000
2771.428571 707.142857 0.000000 0.000000 0.000000 1.000000
2771.428571 750.000000 0.000000 0.000000 0.000000 1.000000
2771.428571 792.857143 0.000000 0.000000 0.000000 1.000000
2771.428571 835.714286 0.000000 0.000000 0.000000 1.000000
2771.428571 878.571429 0.000000 0.000000 0.000000 1.000000
2771.428571 921.428571 0.000000 0.000000 0.000000 1.000000
2771.428571 964.285714 0.000000 0.000000 0.000000 1.000000
2771.428571 1007.142857 0.000000 0.000000 0.000000 1.000000
2771.428571 1050.000000 0.000000 0.000000 0.000000 1.000000
2771.428571 1092.857143 0.000000 0.000000 0.000000 1.000000
2771.428571 1135.714286 0.000000 0.000000 0.000000 1.000000
2771.428571 1178.571429 0.000000 0.000000 0.000000 1.000000
2771.428571 1221.428571 0.000000 0.000000 0.000000 1.000000
2771.428571 1264.285714 0.000000 0.000000 0.000000 1.000000
2771.428571 1307.142857 0.000000 0.000000 0.000000 1.000000
2771.428571 1350.000000 0.000000 0.000000 0.000000 1.000000
2771.428571 1392.857143 0.000000 0.000000 0.000000 1.000000
2771.428571 1435.714286 0.000000 0.000000 0.000000 1.000000
2771.428571 1478.571429 0.000000 0.000000 0.000000 1.000000
2771.428571 1521.428571 0.000000 0.000000 0.000000 1.000000
85.714286 1135.714286 0.000000 0.000000 0.000000 0.000000
2771.428571 192.857143 0.000000 0.000000 0.000000 1.000000
2771.428571 235.714286 0.000000 0.000000 0.000000 1.000000
2771.428571 278.571429 0.000000 0.000000 0.000000 1.000000
2771.428571 321.428571 0.000000 0.000000 0.000000 1.000000
2771.428571 364.285714 0.000000 0.000000 0.000000 1.000000
2771.428571 407.142857 0.000000 0.000000 0.000000 1.000000
2771.428571 450.000000 0.000000 0.000000 0.000000 1.000000
2771.428571 492.857143 0.000000 0.000000 0.000000 1.000000
2771.428571 535.714286 0.000000 0.000000 0.000000 1.000000
2771.428571 578.571429 0.000000 0.000000 0.000000 1.000000
2771.428571 621.428571 0.000000 0.000000 0.000000 1.000000
2771.428571 664.285714 0.000000 0.000000 0.000000 1.000000
2771.428571 707.142857 0.000000 0.000000 0.000000 1.000000
2771.428571 750.000000 0.000000 0.000000 0.000000 1.000000
2771.428571 792.857143 0.000000 0.000000 0.000000 1.000000
2771.428571 835.714286 0.000000 0.000000 0.000000 1.000000
2771.428571 878.571429 0.000000 0.000000 0.000000 1.000000
2771.428571 921.428571 0.000000 0.000000 0.000000 1.000000
2771.428571 964.285714 0.000000 0.000000 0.000000 1.000000
2771.428571 1007.142857 0.000000 0.000000 0.000000 1.000000
2771.428571 1050.000000 0.000000 0.000000 0.000000 1.000000
2771.428571 1092.857143 0.000000 0.000000 0.000000 1.000000
2771.428571 1135.714286 0.000000 0.000000 0.000000 1.000000
2771.428571 1178.571429 0.000000 0.000000 0.000000 1.000000
2771.428571 1221.428571 0.000000 0.000000 0.000000 1.000000
2771.428571 1264.285714 0.000000 0.000000 0.000000 1.000000
2771.428571 1307.142857 0.000000 0.000000 0.000000 1.000000
2771.428571 1350.000000 0.000000 0.000000 0.000000 1.000000
2771.428571 1392.857143 0.000000 0.000000 0.000000 1.000000
2771.428571 1435.714286 0.000000 0.000000 0.000000 1.000000
2771.428571 1478.571429 0.000000 0.000000 0.000000 1.000000
2771.428571 1521.428571 0.000000 0.000000 0.000000 1.000000
85.714286 1178.571429 0.000000 0.000000 0.000000 0.000000
2771.428571 192.857143 0.000000 0.000000 0.000000 1.000000
2771.428571 235.714286 0.000000 0.000000 0.000000 1.000000
2771.428571 278.571429 0.000000 0.000000 0.000000 1.000000
2771.428571 321.428571 0.000000 0.000000 0.000000 1.000000
2771.428571 364.285714 0.000000 0.000000 0.000000 1.000000
2771.428571 407.142857 0.000000 0.000000 0.000000 1.000000
2771.428571 450.000000 0.000000 0.000000 0.000000 1.000000
2771.428571 492.857143 0.000000 0.000000 0.000000 1.000000
2771.428571 535.714286 0.000000 0.000000 0.000000 1.000000
2771.428571 578.571429 0.000000 0.000000 0.000000 1.000000
2771.428571 621.428571 0.000000 0.000000 0.000000 1.000000
2771.428571 664.285714 0.000000 0.000000 0.000000 1.000000
2771.428571 707.142857 0.000000 0.000000 0.000000 1.000000
2771.428571 750.000000 0.000000 0.000000 0.000000 1.000000
2771.428571 792.857143 0.000000 0.000000 0.000000 1.000000
2771.428571 835.714286 0.000000 0.000000 0.000000 1.000000
2771.428571 878.571429 0.000000 0.000000 0.000000 1.000000
2771.428571 921.428571 0.000000 0.000000 0.000000 1.000000
2771.428571 964.285714 0.000000 0.000000 0.000000 1.000000
2771.428571 1007.142857 0.000000 0.000000 0.000000 1.000000
2771.428571 1050.000000 0.000000 0.000000 0.000000 1.000000
2771.428571 1092.857143 0.000000 0.000000 0.000000 1.000000
2771.428571 1135.714286 0.000000 0.000000 0.000000 1.000000
2771.428571 1178.571429 0.000000 0.000000 0.000000 1.000000
2771.428571 1221.428571 0.000000 0.000000 0.000000 1.000000
2771.428571 1264.285714 0.000000 0.000000 0.000000 1.000000
2771.428571 1307.142857 0.000000 0.000000 0.000000 1.000000
2771.428571 1350.000000 0.000000 0.000000 0.000000 1.000000
2771.428571 1392.857143 0.000000 0.000000 0.000000 1.000000
2771.428571 1435.714286 0.000000 0.000000 0.000000 1.000000
2771.428571 1478.571429 0.000000 0.000000 0.000000 1.000000
2771.428571 1521.428571 0.000000 0.000000 0.000000 1.000000
85.714286 1221.428571 0.000000 0.000000 0.000000 0.000000
2771.428571 192.857143 0.000000 0.000000 0.000000 1.000000
2771.428571 235.714286 0.000000 0.000000 0.000000 1.000000
2771.428571 278.571429 0.000000 0.000000 0.000000 1.000000
2771.428571 321.428571 0.000000 0.000000 0.000000 1.000000
2771.428571 364.285714 0.000000 0.000000 0.000000 1.000000
2771.428571 407.142857 0.000000 0.000000 0.000000 1.000000
2771.428571 450.000000 0.000000 0.000000 0.000000 1.000000
2771.428571 492.857143 0.000000 0.000000 0.000000 1.000000
2771.428571 535.714286 0.000000 0.000000 0.000000 1.000000
2771.428571 578.571429 0.000000 0.000000 0.000000 1.000000
2771.428571 621.428571 0.000000 0.000000 0.000000 1.000000
2771.428571 664.285714 0.000000 0.000000 0.000000 1.000000
2771.428571 707.142857 0.000000 0.000000 0.000000 1.000000
2771.428571 750.000000 0.000000 0.000000 0.000000 1.000000
2771.428571 792.857143 0.000000 0.000000 0.000000 1.000000
2771.428571 835.714286 0.000000 0.000000 0.000000 1.000000
2771.428571 878.571429 0.000000 0.000000 0.000000 1.000000
2771.428571 921.428571 0.000000 0.000000 0.000000 1.000000
2771.428571 964.285714 0.000000 0.000000 0.000000 1.000000
2771.428571 1007.142857 0.000000 0.000000 0.000000 1.000000
2771.428571 1050.000000 0.000000 0.000000 0.000000 1.000000
2771.428571 1092.857143 0.000000 0.000000 0.000000 1.000000
2771.428571 1135.714286 0.000000 0.000000 0.000000 1.000000
2771.428571 1178.571429 0.000000 0.000000 0.000000 1.000000
2771.428571 1221.428571 0.000000 0.000000 0.000000 1.000000
2771.428571 1264.285714 0.000000 0.000000 0.000000 1.000000
2771.428571 1307.142857 0.000000 0.000000 0.000000 1.000000
2771.428571 1350.000000 0.000000 0.000000 0.000000 1.000000
2771.428571 1392.857143 0.000000 0.000000 0.000000 1.000000
2771.428571 1435.714286 0.000000 0.000000 0.000000 1.000000
2771.428571 1478.571429 0.000000 0.000000 0.000000 1.000000
2771.428571 1521.428571 0.000000 0.000000 0.000000 1.000000
85.714286 1264.285714 0.000000 0.000000 0.000000 0.000000
2771.428571 192.857143 0.000000 0.000000 0.000000 1.000000
2771.428571 235.714286 0.000000 0.000000 0.000000 1.000000
2771.428571 278.571429 0.000000 0.000000 0.000000 1.000000
2771.428571 321.428571 0.000000 0.000000 0.000000 1.000000
2771.428571 364.285714 0.000000 0.000000 0.000000 1.000000
2771.428571 407.142857 0.000000 0.000000 0.000000 1.000000
2771.428571 450.000000 0.000000 0.000000 0.000000 1.000000
2771.428571 492.857143 0.000000 0.000000 0.000000 1.000000
2771.428571 535.714286 0.000000 0.000000 0.000000 1.000000
2771.428571 578.571429 0.000000 0.000000 0.000000 1.000000
2771.428571 621.428571 0.000000 0.000000 0.000000 1.000000
2771.428571 664.285714 0.000000 0.000000 0.000000 1.000000
2771.428571 707.142857 0.000000 0.000000 0.000000 1.000000
2771.428571 750.000000 0.000000 0.000000 0.000000 1.000000
2771.428571 792.857143 0.000000 0.000000 0.000000 1.000000
2771.428571 835.714286 0.000000 0.000000 0.000000 1.000000
2771.428571 878.571429 0.000000 0.000000 0.000000 1.000000
2771.428571 921.428571 0.000000 0.000000 0.000000 1.000000
2771.428571 964.285714 0.000000 0.000000 0.000000 1.000000
2771.428571 1007.142857 0.000000 0.000000 0.000000 1.000000
2771.428571 1050.000000 0.000000 0.000000 0.000000 1.000000
2771.428571 1092.857143 0.000000 0.000000 0.000000 1.000000
2771.428571 1135.714286 0.000000 0.000000 0.000000 1.000000
2771.428571 1178.571429 0.000000 0.000000 0.000000 1.000000
2771.428571 1221.428571 0.000000 0.000000 0.000000 1.000000
2771.428571 1264.285714 0.000000 0.000000 0.000000 1.000000
2771.428571 1307.142857 0.000000 0.000000 0.000000 1.000000
2771.428571 1350.000000 0.000000 0.000000 0.000000 1.000000
2771.428571 1392.857143 0.000000 0.000000 0.000000 1.000000
2771.428571 1435.714286 0.000000 0.000000 0.000000 1.000000
2771.428571 1478.571429 0.000000 0.000000 0.000000 1.000000
2771.428571 1521.428571 0.000000 0.000000 0.000000 1.000000
85.714286 1307.142857 0.000000 0.000000 0.000000 0.000000
2771.428571 192.857143 0.000000 0.000000 0.000000 1.000000
2771.428571 235.714286 0.000000 0.000000 0.000000 1.000000
2771.428571 278.571429 0.000000 0.000000 0.000000 1.000000
2771.428571 321.428571 0.000000 0.000000 0.000000 1.000000
2771.428571 364.285714 0.000000 0.000000 0.000000 1.000000
2771.428571 407.142857 0.000000 0.000000 0.000000 1.000000
2771.428571 450.000000 0.000000 0.000000 0.000000 1.000000
2771.428571 492.857143 0.000000 0.000000 0.000000 1.000000
2771.428571 535.714286 0.000000 0.000000 0.000000 1.000000
2771.428571 578.571429 0.000000 0.000000 0.000000 1.000000
2771.428571 621.428571 0.000000 0.000000 0.000000 1.000000
2771.428571 664.285714 0.000000 0.000000 0.000000 1.000000
2771.428571 707.142857 0.000000 0.000000 0.000000 1.000000
2771.428571 750.000000 0.000000 0.000000 0.000000 1.000000
2771.428571 792.857143 0.000000 0.000000 0.000000 1.000000
2771.428571 835.714286 0.000000 0.000000 0.000000 1.000000
2771.428571 878.571429 0.000000 0.000000 0.000000 1.000000
2771.428571 921.428571 0.000000 0.000000 0.000000 1.000000
2771.428571 964.285714 0.000000 0.000000 0.000000 1.000000
2771.428571 1007.142857 0.000000 0.000000 0.000000 1.000000
2771.428571 1050.000000 0.000000 0.000000 0.000000 1.000000
2771.428571 1092.857143 0.000000 0.000000 0.000000 1.000000
2771.428571 1135.714286 0.000000 0.000000 0.000000 1.000000
2771.428571 1178.571429 0.000000 0.000000 0.000000 1.000000
2771.428571 1221.428571 0.000000 0.000000 0.000000 1.000000
2771.428571 1264.285714 0.000000 0.000000 0.000000 1.000000
2771.428571 1307.142857 0.000000 0.000000 0.000000 1.000000
2771.428571 1350.000000 0.000000 0.000000 0.000000 1.000000
2771.428571 1392.857143 0.000000 0.000000 0.000000 1.000000
2771.428571 1435.714286 0.000000 0.000000 0.000000 1.000000
2771.428571 1478.571429 0.000000 0.000000 0.000000 1.000000
2771.428571 1521.428571 0.000000 0.000000 0.000000 1.000000
85.714286 1350.000000 0.000000 0.000000 0.000000 0.000000
2771.428571 192.857143 0.000000 0.000000 0.000000 1.000000
2771.428571 235.714286 0.000000 0.000000 0.000000 1.000000
2771.428571 278.571429 0.000000 0.000000 0.000000 1.000000
2771.428571 321.428571 0.000000 0.000000 0.000000 1.000000
2771.428571 364.285714 0.000000 0.000000 0.000000 1.000000
2771.428571 407.142857 0.000000 0.000000 0.000000 1.000000
2771.428571 450.000000 0.000000 0.000000 0.000000 1.000000
2771.428571 492.857143 0.000000 0.000000 0.000000 1.000000
2771.428571 535.714286 0.000000 0.000000 0.000000 1.000000
2771.428571 578.571429 0.000000 0.000000 0.000000 1.000000
2771.428571 621.428571 0.000000 0.000000 0.000000 1.000000
2771.428571 664.285714 0.000000 0.000000 0.000000 1.000000
2771.428571 707.142857 0.000000 0.000000 0.000000 1.000000
2771.428571 750.000000 0.000000 0.000000 0.000000 1.000000
2771.428571 792.857143 0.000000 0.000000 0.000000 1.000000
2771.428571 835.714286 0.000000 0.000000 0.000000 1.000000
2771.428571 878.571429 0.000000 0.000000 0.000000 1.000000
2771.428571 921.428571 0.000000 0.000000 0.000000 1.000000
2771.428571 964.285714 0.000000 0.000000 0.000000 1.000000
2771.428571 1007.142857 0.000000 0.000000 0.000000 1.000000
2771.428571 1050.000000 0.000000 0.000000 0.000000 1.000000
2771.428571 1092.857143 0.000000 0.000000 0.000000 1.000000
2771.428571 1135.714286 0.000000 0.000000 0.000000 1.000000
2771.428571 1178.571429 0.000000 0.000000 0.000000 1.000000
2771.428571 1221.428571 0.000000 0.000000 0.000000 1.000000
2771.428571 1264.285714 0.000000 0.000000 0.000000 1.000000
2771.428571 1307.142857 0.000000 0.000000 0.000000 1.000000
2771.428571 1350.000000 0.000000 0.000000 0.000000 1.000000
2771.428571 1392.857143 0.000000 0.000000 0.000000 1.000000
2771.428571 1435.714286 0.000000 0.000000 0.000000 1.000000
2771.428571 1478.571429 0.000000 0.000000 0.000000 1.000000
2771.428571 1521.428571 0.000000 0.000000 0.000000 1.000000
85.714286 1392.857143 0.000000 0.000000 0.000000 0.000000
2771.428571 192.857143 0.000000 0.000000 0.000000 1.000000
2771.428571 235.714286 0.000000 0.000000 0.000000 1.000000
2771.428571 278.571429 0.000000 0.000000 0.000000 1.000000
2771.428571 321.428571 0.000000 0.000000 0.000000 1.000000
2771.428571 364.285714 0.000000 0.000000 0.000000 1.000000
2771.428571 407.142857 0.000000 0.000000 0.000000 1.000000
2771.428571 450.000000 0.000000 0.000000 0.000000 1.000000
2771.428571 492.857143 0.000000 0.000000 0.000000 1.000000
2771.428571 535.714286 0.000000 0.000000 0.000000 1.000000
2771.428571 578.571429 0.000000 0.000000 0.000000 1.000000
2771.428571 621.428571 0.000000 0.000000 0.000000 1.000000
2771.428571 664.285714 0.000000 0.000000 0.000000 1.000000
2771.428571 707.142857 0.000000 0.000000 0.000000 1.000000
2771.428571 750.000000 0.000000 0.000000 0.000000 1.000000
2771.428571 792.857143 0.000000 0.000000 0.000000 1.000000
2771.428571 835.714286 0.000000 0.000000 0.000000 1.000000
2771.428571 878.571429 0.000000 0.000000 0.000000 1.000000
2771.428571 921.428571 0.000000 0.000000 0.000000 1.000000
2771.428571 964.285714 0.000000 0.000000 0.000000 1.000000
2771.428571 1007.142857 0.000000 0.000000 0.000000 1.000000
2771.428571 1050.000000 0.000000 0.000000 0.000000 1.000000
2771.428571 1092.857143 0.000000 0.000000 0.000000 1.000000
2771.428571 1135.714286 0.000000 0.000000 0.000000 1.000000
2771.428571 1178.571429 0.000000 0.000000 0.000000 1.000000
2771.428571 1221.428571 0.000000 0.000000 0.000000 1.000000
2771.428571 1264.285714 0.000000 0.000000 0.000000 1.000000
2771.428571 1307.142857 0.000000 0.000000 0.000000 1.000000
2771.428571 1350.000000 0.000000 0.000000 0.000000 1.000000
2771.428571 1392.857143 0.000000 0.000000 0.000000 1.000000
2771.428571 1435.714286 0.000000 0.000000 0.000000 1.000000
2771.428571 1478.571429 0.000000 0.000000 0.000000 1.000000
2771.428571 1521.428571 0.000000 0.000000 0.000000 1.000000
85.714286 1435.714286 0.000000 0.000000 0.000000 0.000000
2771.428571 192.857143 0.000000 0.000000 0.000000 1.000000
2771.428571 235.714286 0.000000 0.000000 0.000000 1.000000
2771.428571 278.571429 0.000000 0.000000 0.000000 1.000000
2771.428571 321.428571 0.000000 0.000000 0.000000 1.000000
2771.428571 364.285714 0.000000 0.000000 0.000000 1.000000
2771.428571 407.142857 0.000000 0.000000 0.000000 1.000000
2771.428571 450.000000 0.000000 0.000000 0.000000 1.000000
2771.428571 492.857143 0.000000 0.000000 0.000000 1.000000
2771.428571 535.714286 0.000000 0.000000 0.000000 1.000000
2771.428571 578.571429 0.000000 0.000000 0.000000 1.000000
2771.428571 621.428571 0.000000 0.000000 0.000000 1.000000
2771.428571 664.285714 0.000000 0.000000 0.000000 1.000000
2771.428571 707.142857 0.000000 0.000000 0.000000 1.000000
2771.428571 750.000000 0.000000 0.000000 0.000000 1.000000
2771.428571 792.857143 0.000000 0.000000 0.000000 1.000000
2771.428571 835.714286 0.000000 0.000000 0.000000 1.000000
2771.428571 878.571429 0.000000 0.000000 0.000000 1.000000
2771.428571 921.428571 0.000000 0.000000 0.000000 1.000000
2771.428571 964.285714 0.000000 0.000000 0.000000 1.000000
2771.428571 1007.142857 0.000000 0.000000 0.000000 1.000000
2771.428571 1050.000000 0.000000 0.000000 0.000000 1.000000
2771.428571 1092.857143 0.000000 0.000000 0.000000 1.000000
2771.428571 1135.714286 0.000000 0.000000 0.000000 1.000000
2771.428571 1178.571429 0.000000 0.000000 0.000000 1.000000
2771.428571 1221.428571 0.000000 0.000000 0.000000 1.000000
2771.428571 1264.285714 0.000000 0.000000 0.000000 1.000000
2771.428571 1307.142857 0.000000 0.000000 0.000000 1.000000
2771.428571 1350.000000 0.000000 0.000000 0.000000 1.000000
2771.428571 1392.857143 0.000000 0.000000 0.000000 1.000000
2771.428571 1435.714286 0.000000 0.000000 0.000000 1.000000
2771.428571 1478.571429 0.000000 0.000000 0.000000 1.000000
2771.428571 1521.428571 0.000000 0.000000 0.000000 1.000000
85.714286 1478.571429 0.000000 0.000000 0.000000 0.000000
2771.428571 192.857143 0.000000 0.000000 0.000000 1.000000
2771.428571 235.714286 0.000000 0.000000 0.000000 1.000000
2771.428571 278.571429 0.000000 0.000000 0.000000 1.000000
2771.428571 321.428571 0.000000 0.000000 0.000000 1.000000
2771.428571 364.285714 0.000000 0.000000 0.000000 1.000000
2771.428571 407.142857 0.000000 0.000000 0.000000 1.000000
2771.428571 450.000000 0.000000 0.000000 0.000000 1.000000
2771.428571 492.857143 0.000000 0.000000 0.000000 1.000000
2771.428571 535.714286 0.000000 0.000000 0.000000 1.000000
2771.428571 578.571429 0.000000 0.000000 0.000000 1.000000
2771.428571 621.428571 0.000000 0.000000 0.000000 1.000000
2771.428571 664.285714 0.000000 0.000000 0.000000 1.000000
2771.428571 707.142857 0.000000 0.000000 0.000000 1.000000
2771.428571 750.000000 0.000000 0.000000 0.000000 1.000000
2771.428571 792.857143 0.000000 0.000000 0.000000 1.000000
2771.428571 835.714286 0.000000 0.000000 0.000000 1.000000
2771.428571 878.571429 0.000000 0.000000 0.000000 1.000000
2771.428571 921.428571 0.000000 0.000000 0.000000 1.000000
2771.428571 964.285714 0.000000 0.000000 0.000000 1.000000
2771.428571 1007.142857 0.000000 0.000000 0.000000 1.000000
2771.428571 1050.000000 0.000000 0.000000 0.000000 1.000000
2771.428571 1092.857143 0.000000 0.000000 0.000000 1.000000
2771.428571 1135.714286 0.000000 0.000000 0.000000 1.000000
2771.428571 1178.571429 0.000000 0.000000 0.000000 1.000000
2771.428571 1221.428571 0.000000 0.000000 0.000000 1.000000
2771.428571 1264.285714 0.000000 0.000000 0.000000 1.000000
2771.428571 1307.142857 0.000000 0.000000 0.000000 1.000000
2771.428571 1350.000000 0.000000 0.000000 0.000000 1.000000
2771.428571 1392.857143 0.000000 0.000000 0.000000 1.000000
2771.428571 1435.714286 0.000000 0.000000 0.000000 1.000000
2771.428571 1478.571429 0.000000 0.000000 0.000000 1.000000
2771.428571 1521.428571 0.000000 0.000000 0.000000 1.000000
85.714286 1521.428571 0.000000 0.000000 0.000000 0.000000
2771.428571 192.857143 0.000000 0.000000 0.000000 1.000000
2771.428571 235.714286 0.000000 0.000000 0.000000 1.000000
2771.428571 278.571429 0.000000 0.000000 0.000000 1.000000
2771.428571 321.428571 0.000000 0.000000 0.000000 1.000000
2771.428571 364.285714 0.000000 0.000000 0.000000 1.000000
2771.428571 407.142857 0.000000 0.000000 0.000000 1.000000
2771.428571 450.000000 0.000000 0.000000 0.000000 1.000000
2771.428571 492.857143 0.000000 0.000000 0.000000 1.000000
2771.428571 535.714286 0.000000 0.000000 0.000000 1.000000
2771.428571 578.571429 0.000000 0.000000 0.000000 1.000000
2771.428571 621.428571 0.000000 0.000000 0.000000 1.000000
2771.428571 664.285714 0.000000 0.000000 0.000000 1.000000
2771.428571 707.142857 0.000000 0.000000 0.000000 1.000000
2771.428571 750.000000 0.000000 0.000000 0.000000 1.000000
2771.428571 792.857143 0.000000 0.000000 0.000000 1.000000
2771.428571 835.714286 0.000000 0.000000 0.000000 1.000000
2771.428571 878.571429 0.000000 0.000000 0.000000 1.000000
2771.428571 921.428571 0.000000 0.000000 0.000000 1.000000
2771.428571 964.285714 0.000000 0.000000 0.000000 1.000000
2771.428571 1007.142857 0.000000 0.000000 0.000000 1.000000
2771.428571 1050.000000 0.000000 0.000000 0.000000 1.000000
2771.428571 1092.857143 0.000000 0.000000 0.000000 1.000000
2771.428571 1135.714286 0.000000 0.000000 0.000000 1.000000
2771.428571 1178.571429 0.000000 0.000000 0.000000 1.000000
2771.428571 1221.428571 0.000000 0.000000 0.000000 1.000000
2771.428571 1264.285714 0.000000 0.000000 0.000000 1.000000
2771.428571 1307.142857 0.000000 0.000000 0.000000 1.000000
2771.428571 1350.000000 0.000000 0.000000 0.000000 1.000000
2771.428571 1392.857143 0.000000 0.000000 0.000000 1.000000
2771.428571 1435.714286 0.000000 0.000000 0.000000 1.000000
2771.428571 1478.571429 0.000000 0.000000 0.000000 1.000000
2771.428571 1521.428571 0.000000 0.000000 0.000000 1.000000
