85.714286 128.571429 0.000000 0.000000 0.000000 0.000000
85.714286 128.571429 0.000000 0.000000 0.000000 1.000000
85.714286 214.285714 0.000000 0.000000 0.000000 1.000000
85.714286 300.000000 0.000000 0.000000 0.000000 1.000000
85.714286 385.714286 0.000000 0.000000 0.000000 1.000000
85.714286 471.428571 0.000000 0.000000 0.000000 1.000000
85.714286 557.142857 0.000000 0.000000 0.000000 1.000000
85.714286 642.857143 0.000000 0.000000 0.000000 1.000000
85.714286 728.571429 0.000000 0.000000 0.000000 1.000000
85.714286 814.285714 0.000000 0.000000 0.000000 1.000000
85.714286 900.000000 0.000000 0.000000 0.000000 1.000000
85.714286 985.714286 0.000000 0.000000 0.000000 1.000000
85.714286 1071.428571 0.000000 0.000000 0.000000 1.000000
85.714286 1157.142857 0.000000 0.000000 0.000000 1.000000
85.714286 1242.857143 0.000000 0.000000 0.000000 1.000000
85.714286 1328.571429 0.000000 0.000000 0.000000 1.000000
85.714286 1414.285714 0.000000 0.000000 0.000000 1.000000
85.714286 1500.000000 0.000000 0.000000 0.000000 1.000000
85.714286 1585.714286 0.000000 0.000000 0.000000 1.000000
85.714286 1671.428571 0.000000 0.000000 0.000000 1.000000
85.714286 1757.142857 0.000000 0.000000 0.000000 1.000000
85.714286 1842.857143 0.000000 0.000000 0.000000 1.000000
85.714286 1928.571429 0.000000 0.000000 0.000000 1.000000
85.714286 2014.285714 0.000000 0.000000 0.000000 1.000000
85.714286 2100.000000 0.000000 0.000000 0.000000 1.000000
85.714286 2185.714286 0.000000 0.000000 0.000000 1.000000
85.714286 2271.428571 0.000000 0.000000 0.000000 1.000000
85.714286 2357.142857 0.000000 0.000000 0.000000 1.000000
85.714286 2442.857143 0.000000 0.000000 0.000000 1.000000
85.714286 2528.571429 0.000000 0.000000 0.000000 1.000000
85.714286 2614.285714 0.000000 0.000000 0.000000 1.000000
85.714286 2700.000000 0.000000 0.000000 0.000000 1.000000
85.714286 2785.714286 0.000000 0.000000 0.000000 1.000000
85.714286 214.285714 0.000000 0.000000 0.000000 0.000000
85.714286 128.571429 0.000000 0.000000 0.000000 1.000000
85.714286 214.285714 0.000000 0.000000 0.000000 1.000000
85.714286 300.000000 0.000000 0.000000 0.000000 1.000000
85.714286 385.714286 0.000000 0.000000 0.000000 1.000000
85.714286 471.428571 0.000000 0.000000 0.000000 1.000000
85.714286 557.142857 0.000000 0.000000 0.000000 1.000000
85.714286 642.857143 0.000000 0.000000 0.000000 1.000000
85.714286 728.571429 0.000000 0.000000 0.000000 1.000000
85.714286 814.285714 0.000000 0.000000 0.000000 1.000000
85.714286 900.000000 0.000000 0.000000 0.000000 1.000000
85.714286 985.714286 0.000000 0.000000 0.000000 1.000000
85.714286 1071.428571 0.000000 0.000000 0.000000 1.000000
85.714286 1157.142857 0.000000 0.000000 0.000000 1.000000
85.714286 1242.857143 0.000000 0.000000 0.000000 1.000000
85.714286 1328.571429 0.000000 0.000000 0.000000 1.000000
85.714286 1414.285714 0.000000 0.000000 0.000000 1.000000
85.714286 1500.000000 0.000000 0.000000 0.000000 1.000000
85.714286 1585.714286 0.000000 0.000000 0.000000 1.000000
85.714286 1671.428571 0.000000 0.000000 0.000000 1.000000
85.714286 1757.142857 0.000000 0.000000 0.000000 1.000000
85.714286 1842.857143 0.000000 0.000000 0.000000 1.000000
85.714286 1928.571429 0.000000 0.000000 0.000000 1.000000
85.714286 2014.285714 0.000000 0.000000 0.000000 1.000000
85.714286 2100.000000 0.000000 0.000000 0.000000 1.000000
85.714286 2185.714286 0.000000 0.000000 0.000000 1.000000
85.714286 2271.428571 0.000000 0.000000 0.000000 1.000000
85.714286 2357.142857 0.000000 0.000000 0.000000 1.000000
85.714286 2442.857143 0.000000 0.000000 0.000000 1.000000
85.714286 2528.571429 0.000000 0.000000 0.000000 1.000000
85.714286 2614.285714 0.000000 0.000000 0.000000 1.000000
85.714286 2700.000000 0.000000 0.000000 0.000000 1.000000
85.714286 2785.714286 0.000000 0.000000 0.000000 1.000000
85.714286 300.000000 0.000000 0.000000 0.000000 0.000000
85.714286 128.571429 0.000000 0.000000 0.000000 1.000000
85.714286 214.285714 0.000000 0.000000 0.000000 1.000000
85.714286 300.000000 0.000000 0.000000 0.000000 1.000000
85.714286 385.714286 0.000000 0.000000 0.000000 1.000000
85.714286 471.428571 0.000000 0.000000 0.000000 1.000000
85.714286 557.142857 0.000000 0.000000 0.000000 1.000000
85.714286 642.857143 0.000000 0.000000 0.000000 1.000000
85.714286 728.571429 0.000000 0.000000 0.000000 1.000000
85.714286 814.285714 0.000000 0.000000 0.000000 1.000000
85.714286 900.000000 0.000000 0.000000 0.000000 1.000000
85.714286 985.714286 0.000000 0.000000 0.000000 1.000000
85.714286 1071.428571 0.000000 0.000000 0.000000 1.000000
85.714286 1157.142857 0.000000 0.000000 0.000000 1.000000
85.714286 1242.857143 0.000000 0.000000 0.000000 1.000000
85.714286 1328.571429 0.000000 0.000000 0.000000 1.000000
85.714286 1414.285714 0.000000 0.000000 0.000000 1.000000
85.714286 1500.000000 0.000000 0.000000 0.000000 1.000000
85.714286 1585.714286 0.000000 0.000000 0.000000 1.000000
85.714286 1671.428571 0.000000 0.000000 0.000000 1.000000
85.714286 1757.142857 0.000000 0.000000 0.000000 1.000000
85.714286 1842.857143 0.000000 0.000000 0.000000 1.000000
85.714286 1928.571429 0.000000 0.000000 0.000000 1.000000
85.714286 2014.285714 0.000000 0.000000 0.000000 1.000000
85.714286 2100.000000 0.000000 0.000000 0.000000 1.000000
85.714286 2185.714286 0.000000 0.000000 0.000000 1.000000
85.714286 2271.428571 0.000000 0.000000 0.000000 1.000000
85.714286 2357.142857 0.000000 0.000000 0.000000 1.000000
85.714286 2442.857143 0.000000 0.000000 0.000000 1.000000
85.714286 2528.571429 0.000000 0.000000 0.000000 1.000000
85.714286 2614.285714 0.000000 0.000000 0.000000 1.000000
85.714286 2700.000000 0.000000 0.000000 0.000000 1.000000
85.714286 2785.714286 0.000000 0.000000 0.000000 1.000000
85.714286 385.714286 0.000000 0.000000 0.000000 0.000000
85.714286 128.571429 0.000000 0.000000 0.000000 1.000000
85.714286 214.285714 0.000000 0.000000 0.000000 1.000000
85.714286 300.000000 0.000000 0.000000 0.000000 1.000000
85.714286 385.714286 0.000000 0.000000 0.000000 1.000000
85.714286 471.428571 0.000000 0.000000 0.000000 1.000000
85.714286 557.142857 0.000000 0.000000 0.000000 1.000000
85.714286 642.857143 0.000000 0.000000 0.000000 1.000000
85.714286 728.571429 0.000000 0.000000 0.000000 1.000000
85.714286 814.285714 0.000000 0.000000 0.000000 1.000000
85.714286 900.000000 0.000000 0.000000 0.000000 1.000000
85.714286 985.714286 0.000000 0.000000 0.000000 1.000000
85.714286 1071.428571 0.000000 0.000000 0.000000 1.000000
85.714286 1157.142857 0.000000 0.000000 0.000000 1.000000
85.714286 1242.857143 0.000000 0.000000 0.000000 1.000000
85.714286 1328.571429 0.000000 0.000000 0.000000 1.000000
85.714286 1414.285714 0.000000 0.000000 0.000000 1.000000
85.714286 1500.000000 0.000000 0.000000 0.000000 1.000000
85.714286 1585.714286 0.000000 0.000000 0.000000 1.000000
85.714286 1671.428571 0.000000 0.000000 0.000000 1.000000
85.714286 1757.142857 0.000000 0.000000 0.000000 1.000000
85.714286 1842.857143 0.000000 0.000000 0.000000 1.000000
85.714286 1928.571429 0.000000 0.000000 0.000000 1.000000
85.714286 2014.285714 0.000000 0.000000 0.000000 1.000000
85.714286 2100.000000 0.000000 0.000000 0.000000 1.000000
85.714286 2185.714286 0.000000 0.000000 0.000000 1.000000
85.714286 2271.428571 0.000000 0.000000 0.000000 1.000000
85.714286 2357.142857 0.000000 0.000000 0.000000 1.000000
85.714286 2442.857143 0.000000 0.000000 0.000000 1.000000
85.714286 2528.571429 0.000000 0.000000 0.000000 1.000000
85.714286 2614.285714 0.000000 0.000000 0.000000 1.000000
85.714286 2700.000000 0.000000 0.000000 0.000000 1.000000
85.714286 2785.714286 0.000000 0.000000 0.000000 1.000000
85.714286 471.428571 0.000000 0.000000 0.000000 0.000000
85.714286 128.571429 0.000000 0.000000 0.000000 1.000000
85.714286 214.285714 0.000000 0.000000 0.000000 1.000000
85.714286 300.000000 0.000000 0.000000 0.000000 1.000000
85.714286 385.714286 0.000000 0.000000 0.000000 1.000000
85.714286 471.428571 0.000000 0.000000 0.000000 1.000000
85.714286 557.142857 0.000000 0.000000 0.000000 1.000000
85.714286 642.857143 0.000000 0.000000 0.000000 1.000000
85.714286 728.571429 0.000000 0.000000 0.000000 1.000000
85.714286 814.285714 0.000000 0.000000 0.000000 1.000000
85.714286 900.000000 0.000000 0.000000 0.000000 1.000000
85.714286 985.714286 0.000000 0.000000 0.000000 1.000000
85.714286 1071.428571 0.000000 0.000000 0.000000 1.000000
85.714286 1157.142857 0.000000 0.000000 0.000000 1.000000
85.714286 1242.857143 0.000000 0.000000 0.000000 1.000000
85.714286 1328.571429 0.000000 0.000000 0.000000 1.000000
85.714286 1414.285714 0.000000 0.000000 0.000000 1.000000
85.714286 1500.000000 0.000000 0.000000 0.000000 1.000000
85.714286 1585.714286 0.000000 0.000000 0.000000 1.000000
85.714286 1671.428571 0.000000 0.000000 0.000000 1.000000
85.714286 1757.142857 0.000000 0.000000 0.000000 1.000000
85.714286 1842.857143 0.000000 0.000000 0.000000 1.000000
85.714286 1928.571429 0.000000 0.000000 0.000000 1.000000
85.714286 2014.285714 0.000000 0.000000 0.000000 1.000000
85.714286 2100.000000 0.000000 0.000000 0.000000 1.000000
85.714286 2185.714286 0.000000 0.000000 0.000000 1.000000
85.714286 2271.428571 0.000000 0.000000 0.000000 1.000000
85.714286 2357.142857 0.000000 0.000000 0.000000 1.000000
85.714286 2442.857143 0.000000 0.000000 0.000000 1.000000
85.714286 2528.571429 0.000000 0.000000 0.000000 1.000000
85.714286 2614.285714 0.000000 0.000000 0.000000 1.000000
85.714286 2700.000000 0.000000 0.000000 0.000000 1.000000
85.714286 2785.714286 0.000000 0.000000 0.000000 1.000000
85.714286 557.142857 0.000000 0.000000 0.000000 0.000000
85.714286 128.571429 0.000000 0.000000 0.000000 1.000000
85.714286 214.285714 0.000000 0.000000 0.000000 1.000000
85.714286 300.000000 0.000000 0.000000 0.000000 1.000000
85.714286 385.714286 0.000000 0.000000 0.000000 1.000000
85.714286 471.428571 0.000000 0.000000 0.000000 1.000000
85.714286 557.142857 0.000000 0.000000 0.000000 1.000000
85.714286 642.857143 0.000000 0.000000 0.000000 1.000000
85.714286 728.571429 0.000000 0.000000 0.000000 1.000000
85.714286 814.285714 0.000000 0.000000 0.000000 1.000000
85.714286 900.000000 0.000000 0.000000 0.000000 1.000000
85.714286 985.714286 0.000000 0.000000 0.000000 1.000000
85.714286 1071.428571 0.000000 0.000000 0.000000 1.000000
85.714286 1157.142857 0.000000 0.000000 0.000000 1.000000
85.714286 1242.857143 0.000000 0.000000 0.000000 1.000000
85.714286 1328.571429 0.000000 0.000000 0.000000 1.000000
85.714286 1414.285714 0.000000 0.000000 0.000000 1.000000
85.714286 1500.000000 0.000000 0.000000 0.000000 1.000000
85.714286 1585.714286 0.000000 0.000000 0.000000 1.000000
85.714286 1671.428571 0.000000 0.000000 0.000000 1.000000
85.714286 1757.142857 0.000000 0.000000 0.000000 1.000000
85.714286 1842.857143 0.000000 0.000000 0.000000 1.000000
85.714286 1928.571429 0.000000 0.000000 0.000000 1.000000
85.714286 2014.285714 0.000000 0.000000 0.000000 1.000000
85.714286 2100.000000 0.000000 0.000000 0.000000 1.000000
85.714286 2185.714286 0.000000 0.000000 0.000000 1.000000
85.714286 2271.428571 0.000000 0.000000 0.000000 1.000000
85.714286 2357.142857 0.000000 0.000000 0.000000 1.000000
85.714286 2442.857143 0.000000 0.000000 0.000000 1.000000
85.714286 2528.571429 0.000000 0.000000 0.000000 1.000000
85.714286 2614.285714 0.000000 0.000000 0.000000 1.000000
85.714286 2700.000000 0.000000 0.000000 0.000000 1.000000
85.714286 2785.714286 0.000000 0.000000 0.000000 1.000000
85.714286 642.857143 0.000000 0.000000 0.000000 0.000000
85.714286 128.571429 0.000000 0.000000 0.000000 1.000000
85.714286 214.285714 0.000000 0.000000 0.000000 1.000000
85.714286 300.000000 0.000000 0.000000 0.000000 1.000000
85.714286 385.714286 0.000000 0.000000 0.000000 1.000000
85.714286 471.428571 0.000000 0.000000 0.000000 1.000000
85.714286 557.142857 0.000000 0.000000 0.000000 1.000000
85.714286 642.857143 0.000000 0.000000 0.000000 1.000000
85.714286 728.571429 0.000000 0.000000 0.000000 1.000000
85.714286 814.285714 0.000000 0.000000 0.000000 1.000000
85.714286 900.000000 0.000000 0.000000 0.000000 1.000000
85.714286 985.714286 0.000000 0.000000 0.000000 1.000000
85.714286 1071.428571 0.000000 0.000000 0.000000 1.000000
85.714286 1157.142857 0.000000 0.000000 0.000000 1.000000
85.714286 1242.857143 0.000000 0.000000 0.000000 1.000000
85.714286 1328.571429 0.000000 0.000000 0.000000 1.000000
85.714286 1414.285714 0.000000 0.000000 0.000000 1.000000
85.714286 1500.000000 0.000000 0.000000 0.000000 1.000000
85.714286 1585.714286 0.000000 0.000000 0.000000 1.000000
85.714286 1671.428571 0.000000 0.000000 0.000000 1.000000
85.714286 1757.142857 0.000000 0.000000 0.000000 1.000000
85.714286 1842.857143 0.000000 0.000000 0.000000 1.000000
85.714286 1928.571429 0.000000 0.000000 0.000000 1.000000
85.714286 2014.285714 0.000000 0.000000 0.000000 1.000000
85.714286 2100.000000 0.000000 0.000000 0.000000 1.000000
85.714286 2185.714286 0.000000 0.000000 0.000000 1.000000
85.714286 2271.428571 0.000000 0.000000 0.000000 1.000000
85.714286 2357.142857 0.000000 0.000000 0.000000 1.000000
85.714286 2442.857143 0.000000 0.000000 0.000000 1.000000
85.714286 2528.571429 0.000000 0.000000 0.000000 1.000000
85.714286 2614.285714 0.000000 0.000000 0.000000 1.000000
85.714286 2700.000000 0.000000 0.000000 0.000000 1.000000
85.714286 2785.714286 0.000000 0.000000 0.000000 1.000000
85.714286 728.571429 0.000000 0.000000 0.000000 0.000000
85.714286 128.571429 0.000000 0.000000 0.000000 1.000000
85.714286 214.285714 0.000000 0.000000 0.000000 1.000000
85.714286 300.000000 0.000000 0.000000 0.000000 1.000000
85.714286 385.714286 0.000000 0.000000 0.000000 1.000000
85.714286 471.428571 0.000000 0.000000 0.000000 1.000000
85.714286 557.142857 0.000000 0.000000 0.000000 1.000000
85.714286 642.857143 0.000000 0.000000 0.000000 1.000000
85.714286 728.571429 0.000000 0.000000 0.000000 1.000000
85.714286 814.285714 0.000000 0.000000 0.000000 1.000000
85.714286 900.000000 0.000000 0.000000 0.000000 1.000000
85.714286 985.714286 0.000000 0.000000 0.000000 1.000000
85.714286 1071.428571 0.000000 0.000000 0.000000 1.000000
85.714286 1157.142857 0.000000 0.000000 0.000000 1.000000
85.714286 1242.857143 0.000000 0.000000 0.000000 1.000000
85.714286 1328.571429 0.000000 0.000000 0.000000 1.000000
85.714286 1414.285714 0.000000 0.000000 0.000000 1.000000
85.714286 1500.000000 0.000000 0.000000 0.000000 1.000000
85.714286 1585.714286 0.000000 0.000000 0.000000 1.000000
85.714286 1671.428571 0.000000 0.000000 0.000000 1.000000
85.714286 1757.142857 0.000000 0.000000 0.000000 1.000000
85.714286 1842.857143 0.000000 0.000000 0.000000 1.000000
85.714286 1928.571429 0.000000 0.000000 0.000000 1.000000
85.714286 2014.285714 0.000000 0.000000 0.000000 1.000000
85.714286 2100.000000 0.000000 0.000000 0.000000 1.000000
85.714286 2185.714286 0.000000 0.000000 0.000000 1.000000
85.714286 2271.428571 0.000000 0.000000 0.000000 1.000000
85.714286 2357.142857 0.000000 0.000000 0.000000 1.000000
85.714286 2442.857143 0.000000 0.000000 0.000000 1.000000
85.714286 2528.571429 0.000000 0.000000 0.000000 1.000000
85.714286 2614.285714 0.000000 0.000000 0.000000 1.000000
85.714286 2700.000000 0.000000 0.000000 0.000000 1.000000
85.714286 2785.714286 0.000000 0.000000 0.000000 1.000000
85.714286 814.285714 0.000000 0.000000 0.000000 0.000000
85.714286 128.571429 0.000000 0.000000 0.000000 1.000000
85.714286 214.285714 0.000000 0.000000 0.000000 1.000000
85.714286 300.000000 0.000000 0.000000 0.000000 1.000000
85.714286 385.714286 0.000000 0.000000 0.000000 1.000000
85.714286 471.428571 0.000000 0.000000 0.000000 1.000000
85.714286 557.142857 0.000000 0.000000 0.000000 1.000000
85.714286 642.857143 0.000000 0.000000 0.000000 1.000000
85.714286 728.571429 0.000000 0.000000 0.000000 1.000000
85.714286 814.285714 0.000000 0.000000 0.000000 1.000000
85.714286 900.000000 0.000000 0.000000 0.000000 1.000000
85.714286 985.714286 0.000000 0.000000 0.000000 1.000000
85.714286 1071.428571 0.000000 0.000000 0.000000 1.000000
85.714286 1157.142857 0.000000 0.000000 0.000000 1.000000
85.714286 1242.857143 0.000000 0.000000 0.000000 1.000000
85.714286 1328.571429 0.000000 0.000000 0.000000 1.000000
85.714286 1414.285714 0.000000 0.000000 0.000000 1.000000
85.714286 1500.000000 0.000000 0.000000 0.000000 1.000000
85.714286 1585.714286 0.000000 0.000000 0.000000 1.000000
85.714286 1671.428571 0.000000 0.000000 0.000000 1.000000
85.714286 1757.142857 0.000000 0.000000 0.000000 1.000000
85.714286 1842.857143 0.000000 0.000000 0.000000 1.000000
85.714286 1928.571429 0.000000 0.000000 0.000000 1.000000
85.714286 2014.285714 0.000000 0.000000 0.000000 1.000000
85.714286 2100.000000 0.000000 0.000000 0.000000 1.000000
85.714286 2185.714286 0.000000 0.000000 0.000000 1.000000
85.714286 2271.428571 0.000000 0.000000 0.000000 1.000000
85.714286 2357.142857 0.000000 0.000000 0.000000 1.000000
85.714286 2442.857143 0.000000 0.000000 0.000000 1.000000
85.714286 2528.571429 0.000000 0.000000 0.000000 1.000000
85.714286 2614.285714 0.000000 0.000000 0.000000 1.000000
85.714286 2700.000000 0.000000 0.000000 0.000000 1.000000
85.714286 2785.714286 0.000000 0.000000 0.000000 1.000000
85.714286 900.000000 0.000000 0.000000 0.000000 0.000000
85.714286 128.571429 0.000000 0.000000 0.000000 1.000000
85.714286 214.285714 0.000000 0.000000 0.000000 1.000000
85.714286 300.000000 0.000000 0.000000 0.000000 1.000000
85.714286 385.714286 0.000000 0.000000 0.000000 1.000000
85.714286 471.428571 0.000000 0.000000 0.000000 1.000000
85.714286 557.142857 0.000000 0.000000 0.000000 1.000000
85.714286 642.857143 0.000000 0.000000 0.000000 1.000000
85.714286 728.571429 0.000000 0.000000 0.000000 1.000000
85.714286 814.285714 0.000000 0.000000 0.000000 1.000000
85.714286 900.000000 0.000000 0.000000 0.000000 1.000000
85.714286 985.714286 0.000000 0.000000 0.000000 1.000000
85.714286 1071.428571 0.000000 0.000000 0.000000 1.000000
85.714286 1157.142857 0.000000 0.000000 0.000000 1.000000
85.714286 1242.857143 0.000000 0.000000 0.000000 1.000000
85.714286 1328.571429 0.000000 0.000000 0.000000 1.000000
85.714286 1414.285714 0.000000 0.000000 0.000000 1.000000
85.714286 1500.000000 0.000000 0.000000 0.000000 1.000000
85.714286 1585.714286 0.000000 0.000000 0.000000 1.000000
85.714286 1671.428571 0.000000 0.000000 0.000000 1.000000
85.714286 1757.142857 0.000000 0.000000 0.000000 1.000000
85.714286 1842.857143 0.000000 0.000000 0.000000 1.000000
85.714286 1928.571429 0.000000 0.000000 0.000000 1.000000
85.714286 2014.285714 0.000000 0.000000 0.000000 1.000000
85.714286 2100.000000 0.000000 0.000000 0.000000 1.000000
85.714286 2185.714286 0.000000 0.000000 0.000000 1.000000
85.714286 2271.428571 0.000000 0.000000 0.000000 1.000000
85.714286 2357.142857 0.000000 0.000000 0.000000 1.000000
85.714286 2442.857143 0.000000 0.000000 0.000000 1.000000
85.714286 2528.571429 0.000000 0.000000 0.000000 1.000000
85.714286 2614.285714 0.000000 0.000000 0.000000 1.000000
85.714286 2700.000000 0.000000 0.000000 0.000000 1.000000
85.714286 2785.714286 0.000000 0.000000 0.000000 1.000000
85.714286 985.714286 0.000000 0.000000 0.000000 0.000000
85.714286 128.571429 0.000000 0.000000 0.000000 1.000000
85.714286 214.285714 0.000000 0.000000 0.000000 1.000000
85.714286 300.000000 0.000000 0.000000 0.000000 1.000000
85.714286 385.714286 0.000000 0.000000 0.000000 1.000000
85.714286 471.428571 0.000000 0.000000 0.000000 1.000000
85.714286 557.142857 0.000000 0.000000 0.000000 1.000000
85.714286 642.857143 0.000000 0.000000 0.000000 1.000000
85.714286 728.571429 0.000000 0.000000 0.000000 1.000000
85.714286 814.285714 0.000000 0.000000 0.000000 1.000000
85.714286 900.000000 0.000000 0.000000 0.000000 1.000000
85.714286 985.714286 0.000000 0.000000 0.000000 1.000000
85.714286 1071.428571 0.000000 0.000000 0.000000 1.000000
85.714286 1157.142857 0.000000 0.000000 0.000000 1.000000
85.714286 1242.857143 0.000000 0.000000 0.000000 1.000000
85.714286 1328.571429 0.000000 0.000000 0.000000 1.000000
85.714286 1414.285714 0.000000 0.000000 0.000000 1.000000
85.714286 1500.000000 0.000000 0.000000 0.000000 1.000000
85.714286 1585.714286 0.000000 0.000000 0.000000 1.000000
85.714286 1671.428571 0.000000 0.000000 0.000000 1.000000
85.714286 1757.142857 0.000000 0.000000 0.000000 1.000000
85.714286 1842.857143 0.000000 0.000000 0.000000 1.000000
85.714286 1928.571429 0.000000 0.000000 0.000000 1.000000
85.714286 2014.285714 0.000000 0.000000 0.000000 1.000000
85.714286 2100.000000 0.000000 0.000000 0.000000 1.000000
85.714286 2185.714286 0.000000 0.000000 0.000000 1.000000
85.714286 2271.428571 0.000000 0.000000 0.000000 1.000000
85.714286 2357.142857 0.000000 0.000000 0.000000 1.000000
85.714286 2442.857143 0.000000 0.000000 0.000000 1.000000
85.714286 2528.571429 0.000000 0.000000 0.000000 1.000000
85.714286 2614.285714 0.000000 0.000000 0.000000 1.000000
85.714286 2700.000000 0.000000 0.000000 0.000000 1.000000
85.714286 2785.714286 0.000000 0.000000 0.000000 1.000000
85.714286 1071.428571 0.000000 0.000000 0.000000 0.000000
85.714286 128.571429 0.000000 0.000000 0.000000 1.000000
85.714286 214.285714 0.000000 0.000000 0.000000 1.000000
85.714286 300.000000 0.000000 0.000000 0.000000 1.000000
85.714286 385.714286 0.000000 0.000000 0.000000 1.000000
85.714286 471.428571 0.000000 0.000000 0.000000 1.000000
85.714286 557.142857 0.000000 0.000000 0.000000 1.000000
85.714286 642.857143 0.000000 0.000000 0.000000 1.000000
85.714286 728.571429 0.000000 0.000000 0.000000 1.000000
85.714286 814.285714 0.000000 0.000000 0.000000 1.000000
85.714286 900.000000 0.000000 0.000000 0.000000 1.000000
85.714286 985.714286 0.000000 0.000000 0.000000 1.000000
85.714286 1071.428571 0.000000 0.000000 0.000000 1.000000
85.714286 1157.142857 0.000000 0.000000 0.000000 1.000000
85.714286 1242.857143 0.000000 0.000000 0.000000 1.000000
85.714286 1328.571429 0.000000 0.000000 0.000000 1.000000
85.714286 1414.285714 0.000000 0.000000 0.000000 1.000000
85.714286 1500.000000 0.000000 0.000000 0.000000 1.000000
85.714286 1585.714286 0.000000 0.000000 0.000000 1.000000
85.714286 1671.428571 0.000000 0.000000 0.000000 1.000000
85.714286 1757.142857 0.000000 0.000000 0.000000 1.000000
85.714286 1842.857143 0.000000 0.000000 0.000000 1.000000
85.714286 1928.571429 0.000000 0.000000 0.000000 1.000000
85.714286 2014.285714 0.000000 0.000000 0.000000 1.000000
85.714286 2100.000000 0.000000 0.000000 0.000000 1.000000
85.714286 2185.714286 0.000000 0.000000 0.000000 1.000000
85.714286 2271.428571 0.000000 0.000000 0.000000 1.000000
85.714286 2357.142857 0.000000 0.000000 0.000000 1.000000
85.714286 2442.857143 0.000000 0.000000 0.000000 1.000000
85.714286 2528.571429 0.000000 0.000000 0.000000 1.000000
85.714286 2614.285714 0.000000 0.000000 0.000000 1.000000
85.714286 2700.000000 0.000000 0.000000 0.000000 1.000000
85.714286 2785.714286 0.000000 0.000000 0.000000 1.000000
85.714286 1157.142857 0.000000 0.000000 0.000000 0.000000
85.714286 128.571429 0.000000 0.000000 0.000000 1.000000
85.714286 214.285714 0.000000 0.000000 0.000000 1.000000
85.714286 300.000000 0.000000 0.000000 0.000000 1.000000
85.714286 385.714286 0.000000 0.000000 0.000000 1.000000
85.714286 471.428571 0.000000 0.000000 0.000000 1.000000
85.714286 557.142857 0.000000 0.000000 0.000000 1.000000
85.714286 642.857143 0.000000 0.000000 0.000000 1.000000
85.714286 728.571429 0.000000 0.000000 0.000000 1.000000
85.714286 814.285714 0.000000 0.000000 0.000000 1.000000
85.714286 900.000000 0.000000 0.000000 0.000000 1.000000
85.714286 985.714286 0.000000 0.000000 0.000000 1.000000
85.714286 1071.428571 0.000000 0.000000 0.000000 1.000000
85.714286 1157.142857 0.000000 0.000000 0.000000 1.000000
85.714286 1242.857143 0.000000 0.000000 0.000000 1.000000
85.714286 1328.571429 0.000000 0.000000 0.000000 1.000000
85.714286 1414.285714 0.000000 0.000000 0.000000 1.000000
85.714286 1500.000000 0.000000 0.000000 0.000000 1.000000
85.714286 1585.714286 0.000000 0.000000 0.000000 1.000000
85.714286 1671.428571 0.000000 0.000000 0.000000 1.000000
85.714286 1757.142857 0.000000 0.000000 0.000000 1.000000
85.714286 1842.857143 0.000000 0.000000 0.000000 1.000000
85.714286 1928.571429 0.000000 0.000000 0.000000 1.000000
85.714286 2014.285714 0.000000 0.000000 0.000000 1.000000
85.714286 2100.000000 0.000000 0.000000 0.000000 1.000000
85.714286 2185.714286 0.000000 0.000000 0.000000 1.000000
85.714286 2271.428571 0.000000 0.000000 0.000000 1.000000
85.714286 2357.142857 0.000000 0.000000 0.000000 1.000000
85.714286 2442.857143 0.000000 0.000000 0.000000 1.000000
85.714286 2528.571429 0.000000 0.000000 0.000000 1.000000
85.714286 2614.285714 0.000000 0.000000 0.000000 1.000000
85.714286 2700.000000 0.000000 0.000000 0.000000 1.000000
85.714286 2785.714286 0.000000 0.000000 0.000000 1.000000
85.714286 1242.857143 0.000000 0.000000 0.000000 0.000000
85.714286 128.571429 0.000000 0.000000 0.000000 1.000000
85.714286 214.285714 0.000000 0.000000 0.000000 1.000000
85.714286 300.000000 0.000000 0.000000 0.000000 1.000000
85.714286 385.714286 0.000000 0.000000 0.000000 1.000000
85.714286 471.428571 0.000000 0.000000 0.000000 1.000000
85.714286 557.142857 0.000000 0.000000 0.000000 1.000000
85.714286 642.857143 0.000000 0.000000 0.000000 1.000000
85.714286 728.571429 0.000000 0.000000 0.000000 1.000000
85.714286 814.285714 0.000000 0.000000 0.000000 1.000000
85.714286 900.000000 0.000000 0.000000 0.000000 1.000000
85.714286 985.714286 0.000000 0.000000 0.000000 1.000000
85.714286 1071.428571 0.000000 0.000000 0.000000 1.000000
85.714286 1157.142857 0.000000 0.000000 0.000000 1.000000
85.714286 1242.857143 0.000000 0.000000 0.000000 1.000000
85.714286 1328.571429 0.000000 0.000000 0.000000 1.000000
85.714286 1414.285714 0.000000 0.000000 0.000000 1.000000
85.714286 1500.000000 0.000000 0.000000 0.000000 1.000000
85.714286 1585.714286 0.000000 0.000000 0.000000 1.000000
85.714286 1671.428571 0.000000 0.000000 0.000000 1.000000
85.714286 1757.142857 0.000000 0.000000 0.000000 1.000000
85.714286 1842.857143 0.000000 0.000000 0.000000 1.000000
85.714286 1928.571429 0.000000 0.000000 0.000000 1.000000
85.714286 2014.285714 0.000000 0.000000 0.000000 1.000000
85.714286 2100.000000 0.000000 0.000000 0.000000 1.000000
85.714286 2185.714286 0.000000 0.000000 0.000000 1.000000
85.714286 2271.428571 0.000000 0.000000 0.000000 1.000000
85.714286 2357.142857 0.000000 0.000000 0.000000 1.000000
85.714286 2442.857143 0.000000 0.000000 0.000000 1.000000
85.714286 2528.571429 0.000000 0.000000 0.000000 1.000000
85.714286 2614.285714 0.000000 0.000000 0.000000 1.000000
85.714286 2700.000000 0.000000 0.000000 0.000000 1.000000
85.714286 2785.714286 0.000000 0.000000 0.000000 1.000000
85.714286 1328.571429 0.000000 0.000000 0.000000 0.000000
85.714286 128.571429 0.000000 0.000000 0.000000 1.000000
85.714286 214.285714 0.000000 0.000000 0.000000 1.000000
85.714286 300.000000 0.000000 0.000000 0.000000 1.000000
85.714286 385.714286 0.000000 0.000000 0.000000 1.000000
85.714286 471.428571 0.000000 0.000000 0.000000 1.000000
85.714286 557.142857 0.000000 0.000000 0.000000 1.000000
85.714286 642.857143 0.000000 0.000000 0.000000 1.000000
85.714286 728.571429 0.000000 0.000000 0.000000 1.000000
85.714286 814.285714 0.000000 0.000000 0.000000 1.000000
85.714286 900.000000 0.000000 0.000000 0.000000 1.000000
85.714286 985.714286 0.000000 0.000000 0.000000 1.000000
85.714286 1071.428571 0.000000 0.000000 0.000000 1.000000
85.714286 1157.142857 0.000000 0.000000 0.000000 1.000000
85.714286 1242.857143 0.000000 0.000000 0.000000 1.000000
85.714286 1328.571429 0.000000 0.000000 0.000000 1.000000
85.714286 1414.285714 0.000000 0.000000 0.000000 1.000000
85.714286 1500.000000 0.000000 0.000000 0.000000 1.000000
85.714286 1585.714286 0.000000 0.000000 0.000000 1.000000
85.714286 1671.428571 0.000000 0.000000 0.000000 1.000000
85.714286 1757.142857 0.000000 0.000000 0.000000 1.000000
85.714286 1842.857143 0.000000 0.000000 0.000000 1.000000
85.714286 1928.571429 0.000000 0.000000 0.000000 1.000000
85.714286 2014.285714 0.000000 0.000000 0.000000 1.000000
85.714286 2100.000000 0.000000 0.000000 0.000000 1.000000
85.714286 2185.714286 0.000000 0.000000 0.000000 1.000000
85.714286 2271.428571 0.000000 0.000000 0.000000 1.000000
85.714286 2357.142857 0.000000 0.000000 0.000000 1.000000
85.714286 2442.857143 0.000000 0.000000 0.000000 1.000000
85.714286 2528.571429 0.000000 0.000000 0.000000 1.000000
85.714286 2614.285714 0.000000 0.000000 0.000000 1.000000
85.714286 2700.000000 0.000000 0.000000 0.000000 1.000000
85.714286 2785.714286 0.000000 0.000000 0.000000 1.000000
85.714286 1414.285714 0.000000 0.000000 0.000000 0.000000
85.714286 128.571429 0.000000 0.000000 0.000000 1.000000
85.714286 214.285714 0.000000 0.000000 0.000000 1.000000
85.714286 300.000000 0.000000 0.000000 0.000000 1.000000
85.714286 385.714286 0.000000 0.000000 0.000000 1.000000
85.714286 471.428571 0.000000 0.000000 0.000000 1.000000
85.714286 557.142857 0.000000 0.000000 0.000000 1.000000
85.714286 642.857143 0.000000 0.000000 0.000000 1.000000
85.714286 728.571429 0.000000 0.000000 0.000000 1.000000
85.714286 814.285714 0.000000 0.000000 0.000000 1.000000
85.714286 900.000000 0.000000 0.000000 0.000000 1.000000
85.714286 985.714286 0.000000 0.000000 0.000000 1.000000
85.714286 1071.428571 0.000000 0.000000 0.000000 1.000000
85.714286 1157.142857 0.000000 0.000000 0.000000 1.000000
85.714286 1242.857143 0.000000 0.000000 0.000000 1.000000
85.714286 1328.571429 0.000000 0.000000 0.000000 1.000000
85.714286 1414.285714 0.000000 0.000000 0.000000 1.000000
85.714286 1500.000000 0.000000 0.000000 0.000000 1.000000
85.714286 1585.714286 0.000000 0.000000 0.000000 1.000000
85.714286 1671.428571 0.000000 0.000000 0.000000 1.000000
85.714286 1757.142857 0.000000 0.000000 0.000000 1.000000
85.714286 1842.857143 0.000000 0.000000 0.000000 1.000000
85.714286 1928.571429 0.000000 0.000000 0.000000 1.000000
85.714286 2014.285714 0.000000 0.000000 0.000000 1.000000
85.714286 2100.000000 0.000000 0.000000 0.000000 1.000000
85.714286 2185.714286 0.000000 0.000000 0.000000 1.000000
85.714286 2271.428571 0.000000 0.000000 0.000000 1.000000
85.714286 2357.142857 0.000000 0.000000 0.000000 1.000000
85.714286 2442.857143 0.000000 0.000000 0.000000 1.000000
85.714286 2528.571429 0.000000 0.000000 0.000000 1.000000
85.714286 2614.285714 0.000000 0.000000 0.000000 1.000000
85.714286 2700.000000 0.000000 0.000000 0.000000 1.000000
85.714286 2785.714286 0.000000 0.000000 0.000000 1.000000
85.714286 1500.000000 0.000000 0.000000 0.000000 0.000000
85.714286 128.571429 0.000000 0.000000 0.000000 1.000000
85.714286 214.285714 0.000000 0.000000 0.000000 1.000000
85.714286 300.000000 0.000000 0.000000 0.000000 1.000000
85.714286 385.714286 0.000000 0.000000 0.000000 1.000000
85.714286 471.428571 0.000000 0.000000 0.000000 1.000000
85.714286 557.142857 0.000000 0.000000 0.000000 1.000000
85.714286 642.857143 0.000000 0.000000 0.000000 1.000000
85.714286 728.571429 0.000000 0.000000 0.000000 1.000000
85.714286 814.285714 0.000000 0.000000 0.000000 1.000000
85.714286 900.000000 0.000000 0.000000 0.000000 1.000000
85.714286 985.714286 0.000000 0.000000 0.000000 1.000000
85.714286 1071.428571 0.000000 0.000000 0.000000 1.000000
85.714286 1157.142857 0.000000 0.000000 0.000000 1.000000
85.714286 1242.857143 0.000000 0.000000 0.000000 1.000000
85.714286 1328.571429 0.000000 0.000000 0.000000 1.000000
85.714286 1414.285714 0.000000 0.000000 0.000000 1.000000
85.714286 1500.000000 0.000000 0.000000 0.000000 1.000000
85.714286 1585.714286 0.000000 0.000000 0.000000 1.000000
85.714286 1671.428571 0.000000 0.000000 0.000000 1.000000
85.714286 1757.142857 0.000000 0.000000 0.000000 1.000000
85.714286 1842.857143 0.000000 0.000000 0.000000 1.000000
85.714286 1928.571429 0.000000 0.000000 0.000000 1.000000
85.714286 2014.285714 0.000000 0.000000 0.000000 1.000000
85.714286 2100.000000 0.000000 0.000000 0.000000 1.000000
85.714286 2185.714286 0.000000 0.000000 0.000000 1.000000
85.714286 2271.428571 0.000000 0.000000 0.000000 1.000000
85.714286 2357.142857 0.000000 0.000000 0.000000 1.000000
85.714286 2442.857143 0.000000 0.000000 0.000000 1.000000
85.714286 2528.571429 0.000000 0.000000 0.000000 1.000000
85.714286 2614.285714 0.000000 0.000000 0.000000 1.000000
85.714286 2700.000000 0.000000 0.000000 0.000000 1.000000
85.714286 2785.714286 0.000000 0.000000 0.000000 1.000000
85.714286 1585.714286 0.000000 0.000000 0.000000 0.000000
85.714286 128.571429 0.000000 0.000000 0.000000 1.000000
85.714286 214.285714 0.000000 0.000000 0.000000 1.000000
85.714286 300.000000 0.000000 0.000000 0.000000 1.000000
85.714286 385.714286 0.000000 0.000000 0.000000 1.000000
85.714286 471.428571 0.000000 0.000000 0.000000 1.000000
85.714286 557.142857 0.000000 0.000000 0.000000 1.000000
85.714286 642.857143 0.000000 0.000000 0.000000 1.000000
85.714286 728.571429 0.000000 0.000000 0.000000 1.000000
85.714286 814.285714 0.000000 0.000000 0.000000 1.000000
85.714286 900.000000 0.000000 0.000000 0.000000 1.000000
85.714286 985.714286 0.000000 0.000000 0.000000 1.000000
85.714286 1071.428571 0.000000 0.000000 0.000000 1.000000
85.714286 1157.142857 0.000000 0.000000 0.000000 1.000000
85.714286 1242.857143 0.000000 0.000000 0.000000 1.000000
85.714286 1328.571429 0.000000 0.000000 0.000000 1.000000
85.714286 1414.285714 0.000000 0.000000 0.000000 1.000000
85.714286 1500.000000 0.000000 0.000000 0.000000 1.000000
85.714286 1585.714286 0.000000 0.000000 0.000000 1.000000
85.714286 1671.428571 0.000000 0.000000 0.000000 1.000000
85.714286 1757.142857 0.000000 0.000000 0.000000 1.000000
85.714286 1842.857143 0.000000 0.000000 0.000000 1.000000
85.714286 1928.571429 0.000000 0.000000 0.000000 1.000000
85.714286 2014.285714 0.000000 0.000000 0.000000 1.000000
85.714286 2100.000000 0.000000 0.000000 0.000000 1.000000
85.714286 2185.714286 0.000000 0.000000 0.000000 1.000000
85.714286 2271.428571 0.000000 0.000000 0.000000 1.000000
85.714286 2357.142857 0.000000 0.000000 0.000000 1.000000
85.714286 2442.857143 0.000000 0.000000 0.000000 1.000000
85.714286 2528.571429 0.000000 0.000000 0.000000 1.000000
85.714286 2614.285714 0.000000 0.000000 0.000000 1.000000
85.714286 2700.000000 0.000000 0.000000 0.000000 1.000000
85.714286 2785.714286 0.000000 0.000000 0.000000 1.000000
85.714286 1671.428571 0.000000 0.000000 0.000000 0.000000
85.714286 128.571429 0.000000 0.000000 0.000000 1.000000
85.714286 214.285714 0.000000 0.000000 0.000000 1.000000
85.714286 300.000000 0.000000 0.000000 0.000000 1.000000
85.714286 385.714286 0.000000 0.000000 0.000000 1.000000
85.714286 471.428571 0.000000 0.000000 0.000000 1.000000
85.714286 557.142857 0.000000 0.000000 0.000000 1.000000
85.714286 642.857143 0.000000 0.000000 0.000000 1.000000
85.714286 728.571429 0.000000 0.000000 0.000000 1.000000
85.714286 814.285714 0.000000 0.000000 0.000000 1.000000
85.714286 900.000000 0.000000 0.000000 0.000000 1.000000
85.714286 985.714286 0.000000 0.000000 0.000000 1.000000
85.714286 1071.428571 0.000000 0.000000 0.000000 1.000000
85.714286 1157.142857 0.000000 0.000000 0.000000 1.000000
85.714286 1242.857143 0.000000 0.000000 0.000000 1.000000
85.714286 1328.571429 0.000000 0.000000 0.000000 1.000000
85.714286 1414.285714 0.000000 0.000000 0.000000 1.000000
85.714286 1500.000000 0.000000 0.000000 0.000000 1.000000
85.714286 1585.714286 0.000000 0.000000 0.000000 1.000000
85.714286 1671.428571 0.000000 0.000000 0.000000 1.000000
85.714286 1757.142857 0.000000 0.000000 0.000000 1.000000
85.714286 1842.857143 0.000000 0.000000 0.000000 1.000000
85.714286 1928.571429 0.000000 0.000000 0.000000 1.000000
85.714286 2014.285714 0.000000 0.000000 0.000000 1.000000
85.714286 2100.000000 0.000000 0.000000 0.000000 1.000000
85.714286 2185.714286 0.000000 0.000000 0.000000 1.000000
85.714286 2271.428571 0.000000 0.000000 0.000000 1.000000
85.714286 2357.142857 0.000000 0.000000 0.000000 1.000000
85.714286 2442.857143 0.000000 0.000000 0.000000 1.000000
85.714286 2528.571429 0.000000 0.000000 0.000000 1.000000
85.714286 2614.285714 0.000000 0.000000 0.000000 1.000000
85.714286 2700.000000 0.000000 0.000000 0.000000 1.000000
85.714286 2785.714286 0.000000 0.000000 0.000000 1.000000
85.714286 1757.142857 0.000000 0.000000 0.000000 0.000000
85.714286 128.571429 0.000000 0.000000 0.000000 1.000000
85.714286 214.285714 0.000000 0.000000 0.000000 1.000000
85.714286 300.000000 0.000000 0.000000 0.000000 1.000000
85.714286 385.714286 0.000000 0.000000 0.000000 1.000000
85.714286 471.428571 0.000000 0.000000 0.000000 1.000000
85.714286 557.142857 0.000000 0.000000 0.000000 1.000000
85.714286 642.857143 0.000000 0.000000 0.000000 1.000000
85.714286 728.571429 0.000000 0.000000 0.000000 1.000000
85.714286 814.285714 0.000000 0.000000 0.000000 1.000000
85.714286 900.000000 0.000000 0.000000 0.000000 1.000000
85.714286 985.714286 0.000000 0.000000 0.000000 1.000000
85.714286 1071.428571 0.000000 0.000000 0.000000 1.000000
85.714286 1157.142857 0.000000 0.000000 0.000000 1.000000
85.714286 1242.857143 0.000000 0.000000 0.000000 1.000000
85.714286 1328.571429 0.000000 0.000000 0.000000 1.000000
85.714286 1414.285714 0.000000 0.000000 0.000000 1.000000
85.714286 1500.000000 0.000000 0.000000 0.000000 1.000000
85.714286 1585.714286 0.000000 0.000000 0.000000 1.000000
85.714286 1671.428571 0.000000 0.000000 0.000000 1.000000
85.714286 1757.142857 0.000000 0.000000 0.000000 1.000000
85.714286 1842.857143 0.000000 0.000000 0.000000 1.000000
85.714286 1928.571429 0.000000 0.000000 0.000000 1.000000
85.714286 2014.285714 0.000000 0.000000 0.000000 1.000000
85.714286 2100.000000 0.000000 0.000000 0.000000 1.000000
85.714286 2185.714286 0.000000 0.000000 0.000000 1.000000
85.714286 2271.428571 0.000000 0.000000 0.000000 1.000000
85.714286 2357.142857 0.000000 0.000000 0.000000 1.000000
85.714286 2442.857143 0.000000 0.000000 0.000000 1.000000
85.714286 2528.571429 0.000000 0.000000 0.000000 1.000000
85.714286 2614.285714 0.000000 0.000000 0.000000 1.000000
85.714286 2700.000000 0.000000 0.000000 0.000000 1.000000
85.714286 2785.714286 0.000000 0.000000 0.000000 1.000000
85.714286 1842.857143 0.000000 0.000000 0.000000 0.000000
85.714286 128.571429 0.000000 0.000000 0.000000 1.000000
85.714286 214.285714 0.000000 0.000000 0.000000 1.000000
85.714286 300.000000 0.000000 0.000000 0.000000 1.000000
85.714286 385.714286 0.000000 0.000000 0.000000 1.000000
85.714286 471.428571 0.000000 0.000000 0.000000 1.000000
85.714286 557.142857 0.000000 0.000000 0.000000 1.000000
85.714286 642.857143 0.000000 0.000000 0.000000 1.000000
85.714286 728.571429 0.000000 0.000000 0.000000 1.000000
85.714286 814.285714 0.000000 0.000000 0.000000 1.000000
85.714286 900.000000 0.000000 0.000000 0.000000 1.000000
85.714286 985.714286 0.000000 0.000000 0.000000 1.000000
85.714286 1071.428571 0.000000 0.000000 0.000000 1.000000
85.714286 1157.142857 0.000000 0.000000 0.000000 1.000000
85.714286 1242.857143 0.000000 0.000000 0.000000 1.000000
85.714286 1328.571429 0.000000 0.000000 0.000000 1.000000
85.714286 1414.285714 0.000000 0.000000 0.000000 1.000000
85.714286 1500.000000 0.000000 0.000000 0.000000 1.000000
85.714286 1585.714286 0.000000 0.000000 0.000000 1.000000
85.714286 1671.428571 0.000000 0.000000 0.000000 1.000000
85.714286 1757.142857 0.000000 0.000000 0.000000 1.000000
85.714286 1842.857143 0.000000 0.000000 0.000000 1.000000
85.714286 1928.571429 0.000000 0.000000 0.000000 1.000000
85.714286 2014.285714 0.000000 0.000000 0.000000 1.000000
85.714286 2100.000000 0.000000 0.000000 0.000000 1.000000
85.714286 2185.714286 0.000000 0.000000 0.000000 1.000000
85.714286 2271.428571 0.000000 0.000000 0.000000 1.000000
85.714286 2357.142857 0.000000 0.000000 0.000000 1.000000
85.714286 2442.857143 0.000000 0.000000 0.000000 1.000000
85.714286 2528.571429 0.000000 0.000000 0.000000 1.000000
85.714286 2614.285714 0.000000 0.000000 0.000000 1.000000
85.714286 2700.000000 0.000000 0.000000 0.000000 1.000000
85.714286 2785.714286 0.000000 0.000000 0.000000 1.000000
85.714286 1928.571429 0.000000 0.000000 0.000000 0.000000
85.714286 128.571429 0.000000 0.000000 0.000000 1.000000
85.714286 214.285714 0.000000 0.000000 0.000000 1.000000
85.714286 300.000000 0.000000 0.000000 0.000000 1.000000
85.714286 385.714286 0.000000 0.000000 0.000000 1.000000
85.714286 471.428571 0.000000 0.000000 0.000000 1.000000
85.714286 557.142857 0.000000 0.000000 0.000000 1.000000
85.714286 642.857143 0.000000 0.000000 0.000000 1.000000
85.714286 728.571429 0.000000 0.000000 0.000000 1.000000
85.714286 814.285714 0.000000 0.000000 0.000000 1.000000
85.714286 900.000000 0.000000 0.000000 0.000000 1.000000
85.714286 985.714286 0.000000 0.000000 0.000000 1.000000
85.714286 1071.428571 0.000000 0.000000 0.000000 1.000000
85.714286 1157.142857 0.000000 0.000000 0.000000 1.000000
85.714286 1242.857143 0.000000 0.000000 0.000000 1.000000
85.714286 1328.571429 0.000000 0.000000 0.000000 1.000000
85.714286 1414.285714 0.000000 0.000000 0.000000 1.000000
85.714286 1500.000000 0.000000 0.000000 0.000000 1.000000
85.714286 1585.714286 0.000000 0.000000 0.000000 1.000000
85.714286 1671.428571 0.000000 0.000000 0.000000 1.000000
85.714286 1757.142857 0.000000 0.000000 0.000000 1.000000
85.714286 1842.857143 0.000000 0.000000 0.000000 1.000000
85.714286 1928.571429 0.000000 0.000000 0.000000 1.000000
85.714286 2014.285714 0.000000 0.000000 0.000000 1.000000
85.714286 2100.000000 0.000000 0.000000 0.000000 1.000000
85.714286 2185.714286 0.000000 0.000000 0.000000 1.000000
85.714286 2271.428571 0.000000 0.000000 0.000000 1.000000
85.714286 2357.142857 0.000000 0.000000 0.000000 1.000000
85.714286 2442.857143 0.000000 0.000000 0.000000 1.000000
85.714286 2528.571429 0.000000 0.000000 0.000000 1.000000
85.714286 2614.285714 0.000000 0.000000 0.000000 1.000000
85.714286 2700.000000 0.000000 0.000000 0.000000 1.000000
85.714286 2785.714286 0.000000 0.000000 0.000000 1.000000
85.714286 2014.285714 0.000000 0.000000 0.000000 0.000000
85.714286 128.571429 0.000000 0.000000 0.000000 1.000000
85.714286 214.285714 0.000000 0.000000 0.000000 1.000000
85.714286 300.000000 0.000000 0.000000 0.000000 1.000000
85.714286 385.714286 0.000000 0.000000 0.000000 1.000000
85.714286 471.428571 0.000000 0.000000 0.000000 1.000000
85.714286 557.142857 0.000000 0.000000 0.000000 1.000000
85.714286 642.857143 0.000000 0.000000 0.000000 1.000000
85.714286 728.571429 0.000000 0.000000 0.000000 1.000000
85.714286 814.285714 0.000000 0.000000 0.000000 1.000000
85.714286 900.000000 0.000000 0.000000 0.000000 1.000000
85.714286 985.714286 0.000000 0.000000 0.000000 1.000000
85.714286 1071.428571 0.000000 0.000000 0.000000 1.000000
85.714286 1157.142857 0.000000 0.000000 0.000000 1.000000
85.714286 1242.857143 0.000000 0.000000 0.000000 1.000000
85.714286 1328.571429 0.000000 0.000000 0.000000 1.000000
85.714286 1414.285714 0.000000 0.000000 0.000000 1.000000
85.714286 1500.000000 0.000000 0.000000 0.000000 1.000000
85.714286 1585.714286 0.000000 0.000000 0.000000 1.000000
85.714286 1671.428571 0.000000 0.000000 0.000000 1.000000
85.714286 1757.142857 0.000000 0.000000 0.000000 1.000000
85.714286 1842.857143 0.000000 0.000000 0.000000 1.000000
85.714286 1928.571429 0.000000 0.000000 0.000000 1.000000
85.714286 2014.285714 0.000000 0.000000 0.000000 1.000000
85.714286 2100.000000 0.000000 0.000000 0.000000 1.000000
85.714286 2185.714286 0.000000 0.000000 0.000000 1.000000
85.714286 2271.428571 0.000000 0.000000 0.000000 1.000000
85.714286 2357.142857 0.000000 0.000000 0.000000 1.000000
85.714286 2442.857143 0.000000 0.000000 0.000000 1.000000
85.714286 2528.571429 0.000000 0.000000 0.000000 1.000000
85.714286 2614.285714 0.000000 0.000000 0.000000 1.000000
85.714286 2700.000000 0.000000 0.000000 0.000000 1.000000
85.714286 2785.714286 0.000000 0.000000 0.000000 1.000000
85.714286 2100.000000 0.000000 0.000000 0.000000 0.000000
85.714286 128.571429 0.000000 0.000000 0.000000 1.000000
85.714286 214.285714 0.000000 0.000000 0.000000 1.000000
85.714286 300.000000 0.000000 0.000000 0.000000 1.000000
85.714286 385.714286 0.000000 0.000000 0.000000 1.000000
85.714286 471.428571 0.000000 0.000000 0.000000 1.000000
85.714286 557.142857 0.000000 0.000000 0.000000 1.000000
85.714286 642.857143 0.000000 0.000000 0.000000 1.000000
85.714286 728.571429 0.000000 0.000000 0.000000 1.000000
85.714286 814.285714 0.000000 0.000000 0.000000 1.000000
85.714286 900.000000 0.000000 0.000000 0.000000 1.000000
85.714286 985.714286 0.000000 0.000000 0.000000 1.000000
85.714286 1071.428571 0.000000 0.000000 0.000000 1.000000
85.714286 1157.142857 0.000000 0.000000 0.000000 1.000000
85.714286 1242.857143 0.000000 0.000000 0.000000 1.000000
85.714286 1328.571429 0.000000 0.000000 0.000000 1.000000
85.714286 1414.285714 0.000000 0.000000 0.000000 1.000000
85.714286 1500.000000 0.000000 0.000000 0.000000 1.000000
85.714286 1585.714286 0.000000 0.000000 0.000000 1.000000
85.714286 1671.428571 0.000000 0.000000 0.000000 1.000000
85.714286 1757.142857 0.000000 0.000000 0.000000 1.000000
85.714286 1842.857143 0.000000 0.000000 0.000000 1.000000
85.714286 1928.571429 0.000000 0.000000 0.000000 1.000000
85.714286 2014.285714 0.000000 0.000000 0.000000 1.000000
85.714286 2100.000000 0.000000 0.000000 0.000000 1.000000
85.714286 2185.714286 0.000000 0.000000 0.000000 1.000000
85.714286 2271.428571 0.000000 0.000000 0.000000 1.000000
85.714286 2357.142857 0.000000 0.000000 0.000000 1.000000
85.714286 2442.857143 0.000000 0.000000 0.000000 1.000000
85.714286 2528.571429 0.000000 0.000000 0.000000 1.000000
85.714286 2614.285714 0.000000 0.000000 0.000000 1.000000
85.714286 2700.000000 0.000000 0.000000 0.000000 1.000000
85.714286 2785.714286 0.000000 0.000000 0.000000 1.000000
85.714286 2185.714286 0.000000 0.000000 0.000000 0.000000
85.714286 128.571429 0.000000 0.000000 0.000000 1.000000
85.714286 214.285714 0.000000 0.000000 0.000000 1.000000
85.714286 300.000000 0.000000 0.000000 0.000000 1.000000
85.714286 385.714286 0.000000 0.000000 0.000000 1.000000
85.714286 471.428571 0.000000 0.000000 0.000000 1.000000
85.714286 557.142857 0.000000 0.000000 0.000000 1.000000
85.714286 642.857143 0.000000 0.000000 0.000000 1.000000
85.714286 728.571429 0.000000 0.000000 0.000000 1.000000
85.714286 814.285714 0.000000 0.000000 0.000000 1.000000
85.714286 900.000000 0.000000 0.000000 0.000000 1.000000
85.714286 985.714286 0.000000 0.000000 0.000000 1.000000
85.714286 1071.428571 0.000000 0.000000 0.000000 1.000000
85.714286 1157.142857 0.000000 0.000000 0.000000 1.000000
85.714286 1242.857143 0.000000 0.000000 0.000000 1.000000
85.714286 1328.571429 0.000000 0.000000 0.000000 1.000000
85.714286 1414.285714 0.000000 0.000000 0.000000 1.000000
85.714286 1500.000000 0.000000 0.000000 0.000000 1.000000
85.714286 1585.714286 0.000000 0.000000 0.000000 1.000000
85.714286 1671.428571 0.000000 0.000000 0.000000 1.000000
85.714286 1757.142857 0.000000 0.000000 0.000000 1.000000
85.714286 1842.857143 0.000000 0.000000 0.000000 1.000000
85.714286 1928.571429 0.000000 0.000000 0.000000 1.000000
85.714286 2014.285714 0.000000 0.000000 0.000000 1.000000
85.714286 2100.000000 0.000000 0.000000 0.000000 1.000000
85.714286 2185.714286 0.000000 0.000000 0.000000 1.000000
85.714286 2271.428571 0.000000 0.000000 0.000000 1.000000
85.714286 2357.142857 0.000000 0.000000 0.000000 1.000000
85.714286 2442.857143 0.000000 0.000000 0.000000 1.000000
85.714286 2528.571429 0.000000 0.000000 0.000000 1.000000
85.714286 2614.285714 0.000000 0.000000 0.000000 1.000000
85.714286 2700.000000 0.000000 0.000000 0.000000 1.000000
85.714286 2785.714286 0.000000 0.000000 0.000000 1.000000
85.714286 2271.428571 0.000000 0.000000 0.000000 0.000000
85.714286 128.571429 0.000000 0.000000 0.000000 1.000000
85.714286 214.285714 0.000000 0.000000 0.000000 1.000000
85.714286 300.000000 0.000000 0.000000 0.000000 1.000000
85.714286 385.714286 0.000000 0.000000 0.000000 1.000000
85.714286 471.428571 0.000000 0.000000 0.000000 1.000000
85.714286 557.142857 0.000000 0.000000 0.000000 1.000000
85.714286 642.857143 0.000000 0.000000 0.000000 1.000000
85.714286 728.571429 0.000000 0.000000 0.000000 1.000000
85.714286 814.285714 0.000000 0.000000 0.000000 1.000000
85.714286 900.000000 0.000000 0.000000 0.000000 1.000000
85.714286 985.714286 0.000000 0.000000 0.000000 1.000000
85.714286 1071.428571 0.000000 0.000000 0.000000 1.000000
85.714286 1157.142857 0.000000 0.000000 0.000000 1.000000
85.714286 1242.857143 0.000000 0.000000 0.000000 1.000000
85.714286 1328.571429 0.000000 0.000000 0.000000 1.000000
85.714286 1414.285714 0.000000 0.000000 0.000000 1.000000
85.714286 1500.000000 0.000000 0.000000 0.000000 1.000000
85.714286 1585.714286 0.000000 0.000000 0.000000 1.000000
85.714286 1671.428571 0.000000 0.000000 0.000000 1.000000
85.714286 1757.142857 0.000000 0.000000 0.000000 1.000000
85.714286 1842.857143 0.000000 0.000000 0.000000 1.000000
85.714286 1928.571429 0.000000 0.000000 0.000000 1.000000
85.714286 2014.285714 0.000000 0.000000 0.000000 1.000000
85.714286 2100.000000 0.000000 0.000000 0.000000 1.000000
85.714286 2185.714286 0.000000 0.000000 0.000000 1.000000
85.714286 2271.428571 0.000000 0.000000 0.000000 1.000000
85.714286 2357.142857 0.000000 0.000000 0.000000 1.000000
85.714286 2442.857143 0.000000 0.000000 0.000000 1.000000
85.714286 2528.571429 0.000000 0.000000 0.000000 1.000000
85.714286 2614.285714 0.000000 0.000000 0.000000 1.000000
85.714286 2700.000000 0.000000 0.000000 0.000000 1.000000
85.714286 2785.714286 0.000000 0.000000 0.000000 1.000000
85.714286 2357.142857 0.000000 0.000000 0.000000 0.000000
85.714286 128.571429 0.000000 0.000000 0.000000 1.000000
85.714286 214.285714 0.000000 0.000000 0.000000 1.000000
85.714286 300.000000 0.000000 0.000000 0.000000 1.000000
85.714286 385.714286 0.000000 0.000000 0.000000 1.000000
85.714286 471.428571 0.000000 0.000000 0.000000 1.000000
85.714286 557.142857 0.000000 0.000000 0.000000 1.000000
85.714286 642.857143 0.000000 0.000000 0.000000 1.000000
85.714286 728.571429 0.000000 0.000000 0.000000 1.000000
85.714286 814.285714 0.000000 0.000000 0.000000 1.000000
85.714286 900.000000 0.000000 0.000000 0.000000 1.000000
85.714286 985.714286 0.000000 0.000000 0.000000 1.000000
85.714286 1071.428571 0.000000 0.000000 0.000000 1.000000
85.714286 1157.142857 0.000000 0.000000 0.000000 1.000000
85.714286 1242.857143 0.000000 0.000000 0.000000 1.000000
85.714286 1328.571429 0.000000 0.000000 0.000000 1.000000
85.714286 1414.285714 0.000000 0.000000 0.000000 1.000000
85.714286 1500.000000 0.000000 0.000000 0.000000 1.000000
85.714286 1585.714286 0.000000 0.000000 0.000000 1.000000
85.714286 1671.428571 0.000000 0.000000 0.000000 1.000000
85.714286 1757.142857 0.000000 0.000000 0.000000 1.000000
85.714286 1842.857143 0.000000 0.000000 0.000000 1.000000
85.714286 1928.571429 0.000000 0.000000 0.000000 1.000000
85.714286 2014.285714 0.000000 0.000000 0.000000 1.000000
85.714286 2100.000000 0.000000 0.000000 0.000000 1.000000
85.714286 2185.714286 0.000000 0.000000 0.000000 1.000000
85.714286 2271.428571 0.000000 0.000000 0.000000 1.000000
85.714286 2357.142857 0.000000 0.000000 0.000000 1.000000
85.714286 2442.857143 0.000000 0.000000 0.000000 1.000000
85.714286 2528.571429 0.000000 0.000000 0.000000 1.000000
85.714286 2614.285714 0.000000 0.000000 0.000000 1.000000
85.714286 2700.000000 0.000000 0.000000 0.000000 1.000000
85.714286 2785.714286 0.000000 0.000000 0.000000 1.000000
85.714286 2442.857143 0.000000 0.000000 0.000000 0.000000
85.714286 128.571429 0.000000 0.000000 0.000000 1.000000
85.714286 214.285714 0.000000 0.000000 0.000000 1.000000
85.714286 300.000000 0.000000 0.000000 0.000000 1.000000
85.714286 385.714286 0.000000 0.000000 0.000000 1.000000
85.714286 471.428571 0.000000 0.000000 0.000000 1.000000
85.714286 557.142857 0.000000 0.000000 0.000000 1.000000
85.714286 642.857143 0.000000 0.000000 0.000000 1.000000
85.714286 728.571429 0.000000 0.000000 0.000000 1.000000
85.714286 814.285714 0.000000 0.000000 0.000000 1.000000
85.714286 900.000000 0.000000 0.000000 0.000000 1.000000
85.714286 985.714286 0.000000 0.000000 0.000000 1.000000
85.714286 1071.428571 0.000000 0.000000 0.000000 1.000000
85.714286 1157.142857 0.000000 0.000000 0.000000 1.000000
85.714286 1242.857143 0.000000 0.000000 0.000000 1.000000
85.714286 1328.571429 0.000000 0.000000 0.000000 1.000000
85.714286 1414.285714 0.000000 0.000000 0.000000 1.000000
85.714286 1500.000000 0.000000 0.000000 0.000000 1.000000
85.714286 1585.714286 0.000000 0.000000 0.000000 1.000000
85.714286 1671.428571 0.000000 0.000000 0.000000 1.000000
85.714286 1757.142857 0.000000 0.000000 0.000000 1.000000
85.714286 1842.857143 0.000000 0.000000 0.000000 1.000000
85.714286 1928.571429 0.000000 0.000000 0.000000 1.000000
85.714286 2014.285714 0.000000 0.000000 0.000000 1.000000
85.714286 2100.000000 0.000000 0.000000 0.000000 1.000000
85.714286 2185.714286 0.000000 0.000000 0.000000 1.000000
85.714286 2271.428571 0.000000 0.000000 0.000000 1.000000
85.714286 2357.142857 0.000000 0.000000 0.000000 1.000000
85.714286 2442.857143 0.000000 0.000000 0.000000 1.000000
85.714286 2528.571429 0.000000 0.000000 0.000000 1.000000
85.714286 2614.285714 0.000000 0.000000 0.000000 1.000000
85.714286 2700.000000 0.000000 0.000000 0.000000 1.000000
85.714286 2785.714286 0.000000 0.000000 0.000000 1.000000
85.714286 2528.571429 0.000000 0.000000 0.000000 0.000000
85.714286 128.571429 0.000000 0.000000 0.000000 1.000000
85.714286 214.285714 0.000000 0.000000 0.000000 1.000000
85.714286 300.000000 0.000000 0.000000 0.000000 1.000000
85.714286 385.714286 0.000000 0.000000 0.000000 1.000000
85.714286 471.428571 0.000000 0.000000 0.000000 1.000000
85.714286 557.142857 0.000000 0.000000 0.000000 1.000000
85.714286 642.857143 0.000000 0.000000 0.000000 1.000000
85.714286 728.571429 0.000000 0.000000 0.000000 1.000000
85.714286 814.285714 0.000000 0.000000 0.000000 1.000000
85.714286 900.000000 0.000000 0.000000 0.000000 1.000000
85.714286 985.714286 0.000000 0.000000 0.000000 1.000000
85.714286 1071.428571 0.000000 0.000000 0.000000 1.000000
85.714286 1157.142857 0.000000 0.000000 0.000000 1.000000
85.714286 1242.857143 0.000000 0.000000 0.000000 1.000000
85.714286 1328.571429 0.000000 0.000000 0.000000 1.000000
85.714286 1414.285714 0.000000 0.000000 0.000000 1.000000
85.714286 1500.000000 0.000000 0.000000 0.000000 1.000000
85.714286 1585.714286 0.000000 0.000000 0.000000 1.000000
85.714286 1671.428571 0.000000 0.000000 0.000000 1.000000
85.714286 1757.142857 0.000000 0.000000 0.000000 1.000000
85.714286 1842.857143 0.000000 0.000000 0.000000 1.000000
85.714286 1928.571429 0.000000 0.000000 0.000000 1.000000
85.714286 2014.285714 0.000000 0.000000 0.000000 1.000000
85.714286 2100.000000 0.000000 0.000000 0.000000 1.000000
85.714286 2185.714286 0.000000 0.000000 0.000000 1.000000
85.714286 2271.428571 0.000000 0.000000 0.000000 1.000000
85.714286 2357.142857 0.000000 0.000000 0.000000 1.000000
85.714286 2442.857143 0.000000 0.000000 0.000000 1.000000
85.714286 2528.571429 0.000000 0.000000 0.000000 1.000000
85.714286 2614.285714 0.000000 0.000000 0.000000 1.000000
85.714286 2700.000000 0.000000 0.000000 0.000000 1.000000
85.714286 2785.714286 0.000000 0.000000 0.000000 1.000000
85.714286 2614.285714 0.000000 0.000000 0.000000 0.000000
85.714286 128.571429 0.000000 0.000000 0.000000 1.000000
85.714286 214.285714 0.000000 0.000000 0.000000 1.000000
85.714286 300.000000 0.000000 0.000000 0.000000 1.000000
85.714286 385.714286 0.000000 0.000000 0.000000 1.000000
85.714286 471.428571 0.000000 0.000000 0.000000 1.000000
85.714286 557.142857 0.000000 0.000000 0.000000 1.000000
85.714286 642.857143 0.000000 0.000000 0.000000 1.000000
85.714286 728.571429 0.000000 0.000000 0.000000 1.000000
85.714286 814.285714 0.000000 0.000000 0.000000 1.000000
85.714286 900.000000 0.000000 0.000000 0.000000 1.000000
85.714286 985.714286 0.000000 0.000000 0.000000 1.000000
85.714286 1071.428571 0.000000 0.000000 0.000000 1.000000
85.714286 1157.142857 0.000000 0.000000 0.000000 1.000000
85.714286 1242.857143 0.000000 0.000000 0.000000 1.000000
85.714286 1328.571429 0.000000 0.000000 0.000000 1.000000
85.714286 1414.285714 0.000000 0.000000 0.000000 1.000000
85.714286 1500.000000 0.000000 0.000000 0.000000 1.000000
85.714286 1585.714286 0.000000 0.000000 0.000000 1.000000
85.714286 1671.428571 0.000000 0.000000 0.000000 1.000000
85.714286 1757.142857 0.000000 0.000000 0.000000 1.000000
85.714286 1842.857143 0.000000 0.000000 0.000000 1.000000
85.714286 1928.571429 0.000000 0.000000 0.000000 1.000000
85.714286 2014.285714 0.000000 0.000000 0.000000 1.000000
85.714286 2100.000000 0.000000 0.000000 0.000000 1.000000
85.714286 2185.714286 0.000000 0.000000 0.000000 1.000000
85.714286 2271.428571 0.000000 0.000000 0.000000 1.000000
85.714286 2357.142857 0.000000 0.000000 0.000000 1.000000
85.714286 2442.857143 0.000000 0.000000 0.000000 1.000000
85.714286 2528.571429 0.000000 0.000000 0.000000 1.000000
85.714286 2614.285714 0.000000 0.000000 0.000000 1.000000
85.714286 2700.000000 0.000000 0.000000 0.000000 1.000000
85.714286 2785.714286 0.000000 0.000000 0.000000 1.000000
85.714286 2700.000000 0.000000 0.000000 0.000000 0.000000
85.714286 128.571429 0.000000 0.000000 0.000000 1.000000
85.714286 214.285714 0.000000 0.000000 0.000000 1.000000
85.714286 300.000000 0.000000 0.000000 0.000000 1.000000
85.714286 385.714286 0.000000 0.000000 0.000000 1.000000
85.714286 471.428571 0.000000 0.000000 0.000000 1.000000
85.714286 557.142857 0.000000 0.000000 0.000000 1.000000
85.714286 642.857143 0.000000 0.000000 0.000000 1.000000
85.714286 728.571429 0.000000 0.000000 0.000000 1.000000
85.714286 814.285714 0.000000 0.000000 0.000000 1.000000
85.714286 900.000000 0.000000 0.000000 0.000000 1.000000
85.714286 985.714286 0.000000 0.000000 0.000000 1.000000
85.714286 1071.428571 0.000000 0.000000 0.000000 1.000000
85.714286 1157.142857 0.000000 0.000000 0.000000 1.000000
85.714286 1242.857143 0.000000 0.000000 0.000000 1.000000
85.714286 1328.571429 0.000000 0.000000 0.000000 1.000000
85.714286 1414.285714 0.000000 0.000000 0.000000 1.000000
85.714286 1500.000000 0.000000 0.000000 0.000000 1.000000
85.714286 1585.714286 0.000000 0.000000 0.000000 1.000000
85.714286 1671.428571 0.000000 0.000000 0.000000 1.000000
85.714286 1757.142857 0.000000 0.000000 0.000000 1.000000
85.714286 1842.857143 0.000000 0.000000 0.000000 1.000000
85.714286 1928.571429 0.000000 0.000000 0.000000 1.000000
85.714286 2014.285714 0.000000 0.000000 0.000000 1.000000
85.714286 2100.000000 0.000000 0.000000 0.000000 1.000000
85.714286 2185.714286 0.000000 0.000000 0.000000 1.000000
85.714286 2271.428571 0.000000 0.000000 0.000000 1.000000
85.714286 2357.142857 0.000000 0.000000 0.000000 1.000000
85.714286 2442.857143 0.000000 0.000000 0.000000 1.000000
85.714286 2528.571429 0.000000 0.000000 0.000000 1.000000
85.714286 2614.285714 0.000000 0.000000 0.000000 1.000000
85.714286 2700.000000 0.000000 0.000000 0.000000 1.000000
85.714286 2785.714286 0.000000 0.000000 0.000000 1.000000
85.714286 2785.714286 0.000000 0.000000 0.000000 0.000000
85.714286 128.571429 0.000000 0.000000 0.000000 1.000000
85.714286 214.285714 0.000000 0.000000 0.000000 1.000000
85.714286 300.000000 0.000000 0.000000 0.000000 1.000000
85.714286 385.714286 0.000000 0.000000 0.000000 1.000000
85.714286 471.428571 0.000000 0.000000 0.000000 1.000000
85.714286 557.142857 0.000000 0.000000 0.000000 1.000000
85.714286 642.857143 0.000000 0.000000 0.000000 1.000000
85.714286 728.571429 0.000000 0.000000 0.000000 1.000000
85.714286 814.285714 0.000000 0.000000 0.000000 1.000000
85.714286 900.000000 0.000000 0.000000 0.000000 1.000000
85.714286 985.714286 0.000000 0.000000 0.000000 1.000000
85.714286 1071.428571 0.000000 0.000000 0.000000 1.000000
85.714286 1157.142857 0.000000 0.000000 0.000000 1.000000
85.714286 1242.857143 0.000000 0.000000 0.000000 1.000000
85.714286 1328.571429 0.000000 0.000000 0.000000 1.000000
85.714286 1414.285714 0.000000 0.000000 0.000000 1.000000
85.714286 1500.000000 0.000000 0.000000 0.000000 1.000000
85.714286 1585.714286 0.000000 0.000000 0.000000 1.000000
85.714286 1671.428571 0.000000 0.000000 0.000000 1.000000
85.714286 1757.142857 0.000000 0.000000 0.000000 1.000000
85.714286 1842.857143 0.000000 0.000000 0.000000 1.000000
85.714286 1928.571429 0.000000 0.000000 0.000000 1.000000
85.714286 2014.285714 0.000000 0.000000 0.000000 1.000000
85.714286 2100.000000 0.000000 0.000000 0.000000 1.000000
85.714286 2185.714286 0.000000 0.000000 0.000000 1.000000
85.714286 2271.428571 0.000000 0.000000 0.000000 1.000000
85.714286 2357.142857 0.000000 0.000000 0.000000 1.000000
85.714286 2442.857143 0.000000 0.000000 0.000000 1.000000
85.714286 2528.571429 0.000000 0.000000 0.000000 1.000000
85.714286 2614.285714 0.000000 0.000000 0.000000 1.000000
85.714286 2700.000000 0.000000 0.000000 0.000000 1.000000
85.714286 2785.714286 0.000000 0.000000 0.000000 1.000000
