  7.3345152E+07
  7.1443792E+07
  5.4092848E+07
  1.5319677E+08
  3.3687308E+07
  8.7915104E+07
  8.5738648E+07
  8.4186480E+07
  9.1400680E+07
  1.3256761E+08
  7.3014344E+07
  2.3146706E+07
  1.2982993E+07
   6685688.    
   4695033.    
   2668038.    
   1538685.    
   882363.3    
   684251.9    
   430354.1    
   343723.4    
   300083.8    
   276380.5    
   233559.1    
   193502.9    
   170730.7    
   159186.1    
   153870.1    
   146847.0    
   133680.6    
   113242.7    
   96132.59    
   90886.86    
   87418.63    
   83828.23    
   81127.97    
   79842.58    
   76914.33    
   75752.71    
   71401.38    
   67730.34    
   64323.75    
   60982.05    
   59888.58    
   58623.83    
   56136.81    
   53924.82    
   51821.40    
   49294.76    
   48435.96    
   47825.22    
   46708.57    
   44257.28    
   42938.70    
