28.571429 142.857143 0.000000 0.000000 0.000000 0.000000
28.571429 142.857143 0.000000 0.000000 0.000000 1.000000
28.571429 228.571429 0.000000 0.000000 0.000000 1.000000
28.571429 314.285714 0.000000 0.000000 0.000000 1.000000
28.571429 400.000000 0.000000 0.000000 0.000000 1.000000
28.571429 485.714286 0.000000 0.000000 0.000000 1.000000
28.571429 571.428571 0.000000 0.000000 0.000000 1.000000
28.571429 657.142857 0.000000 0.000000 0.000000 1.000000
28.571429 742.857143 0.000000 0.000000 0.000000 1.000000
28.571429 828.571429 0.000000 0.000000 0.000000 1.000000
28.571429 914.285714 0.000000 0.000000 0.000000 1.000000
28.571429 1000.000000 0.000000 0.000000 0.000000 1.000000
28.571429 1085.714286 0.000000 0.000000 0.000000 1.000000
28.571429 1171.428571 0.000000 0.000000 0.000000 1.000000
28.571429 1257.142857 0.000000 0.000000 0.000000 1.000000
28.571429 1342.857143 0.000000 0.000000 0.000000 1.000000
28.571429 1428.571429 0.000000 0.000000 0.000000 1.000000
28.571429 1514.285714 0.000000 0.000000 0.000000 1.000000
28.571429 1600.000000 0.000000 0.000000 0.000000 1.000000
28.571429 1685.714286 0.000000 0.000000 0.000000 1.000000
28.571429 1771.428571 0.000000 0.000000 0.000000 1.000000
28.571429 1857.142857 0.000000 0.000000 0.000000 1.000000
28.571429 1942.857143 0.000000 0.000000 0.000000 1.000000
28.571429 2028.571429 0.000000 0.000000 0.000000 1.000000
28.571429 2114.285714 0.000000 0.000000 0.000000 1.000000
28.571429 2171.428571 0.000000 0.000000 0.000000 1.000000
28.571429 2285.714286 0.000000 0.000000 0.000000 1.000000
28.571429 2371.428571 0.000000 0.000000 0.000000 1.000000
28.571429 2457.142857 0.000000 0.000000 0.000000 1.000000
28.571429 2542.857143 0.000000 0.000000 0.000000 1.000000
28.571429 2600.000000 0.000000 0.000000 0.000000 1.000000
28.571429 2714.285714 0.000000 0.000000 0.000000 1.000000
28.571429 2800.000000 0.000000 0.000000 0.000000 1.000000
28.571429 228.571429 0.000000 0.000000 0.000000 0.000000
28.571429 142.857143 0.000000 0.000000 0.000000 1.000000
28.571429 228.571429 0.000000 0.000000 0.000000 1.000000
28.571429 314.285714 0.000000 0.000000 0.000000 1.000000
28.571429 400.000000 0.000000 0.000000 0.000000 1.000000
28.571429 485.714286 0.000000 0.000000 0.000000 1.000000
28.571429 571.428571 0.000000 0.000000 0.000000 1.000000
28.571429 657.142857 0.000000 0.000000 0.000000 1.000000
28.571429 742.857143 0.000000 0.000000 0.000000 1.000000
28.571429 828.571429 0.000000 0.000000 0.000000 1.000000
28.571429 914.285714 0.000000 0.000000 0.000000 1.000000
28.571429 1000.000000 0.000000 0.000000 0.000000 1.000000
28.571429 1085.714286 0.000000 0.000000 0.000000 1.000000
28.571429 1171.428571 0.000000 0.000000 0.000000 1.000000
28.571429 1257.142857 0.000000 0.000000 0.000000 1.000000
28.571429 1342.857143 0.000000 0.000000 0.000000 1.000000
28.571429 1428.571429 0.000000 0.000000 0.000000 1.000000
28.571429 1514.285714 0.000000 0.000000 0.000000 1.000000
28.571429 1600.000000 0.000000 0.000000 0.000000 1.000000
28.571429 1685.714286 0.000000 0.000000 0.000000 1.000000
28.571429 1771.428571 0.000000 0.000000 0.000000 1.000000
28.571429 1857.142857 0.000000 0.000000 0.000000 1.000000
28.571429 1942.857143 0.000000 0.000000 0.000000 1.000000
28.571429 2028.571429 0.000000 0.000000 0.000000 1.000000
28.571429 2114.285714 0.000000 0.000000 0.000000 1.000000
28.571429 2171.428571 0.000000 0.000000 0.000000 1.000000
28.571429 2285.714286 0.000000 0.000000 0.000000 1.000000
28.571429 2371.428571 0.000000 0.000000 0.000000 1.000000
28.571429 2457.142857 0.000000 0.000000 0.000000 1.000000
28.571429 2542.857143 0.000000 0.000000 0.000000 1.000000
28.571429 2600.000000 0.000000 0.000000 0.000000 1.000000
28.571429 2714.285714 0.000000 0.000000 0.000000 1.000000
28.571429 2800.000000 0.000000 0.000000 0.000000 1.000000
28.571429 314.285714 0.000000 0.000000 0.000000 0.000000
28.571429 142.857143 0.000000 0.000000 0.000000 1.000000
28.571429 228.571429 0.000000 0.000000 0.000000 1.000000
28.571429 314.285714 0.000000 0.000000 0.000000 1.000000
28.571429 400.000000 0.000000 0.000000 0.000000 1.000000
28.571429 485.714286 0.000000 0.000000 0.000000 1.000000
28.571429 571.428571 0.000000 0.000000 0.000000 1.000000
28.571429 657.142857 0.000000 0.000000 0.000000 1.000000
28.571429 742.857143 0.000000 0.000000 0.000000 1.000000
28.571429 828.571429 0.000000 0.000000 0.000000 1.000000
28.571429 914.285714 0.000000 0.000000 0.000000 1.000000
28.571429 1000.000000 0.000000 0.000000 0.000000 1.000000
28.571429 1085.714286 0.000000 0.000000 0.000000 1.000000
28.571429 1171.428571 0.000000 0.000000 0.000000 1.000000
28.571429 1257.142857 0.000000 0.000000 0.000000 1.000000
28.571429 1342.857143 0.000000 0.000000 0.000000 1.000000
28.571429 1428.571429 0.000000 0.000000 0.000000 1.000000
28.571429 1514.285714 0.000000 0.000000 0.000000 1.000000
28.571429 1600.000000 0.000000 0.000000 0.000000 1.000000
28.571429 1685.714286 0.000000 0.000000 0.000000 1.000000
28.571429 1771.428571 0.000000 0.000000 0.000000 1.000000
28.571429 1857.142857 0.000000 0.000000 0.000000 1.000000
28.571429 1942.857143 0.000000 0.000000 0.000000 1.000000
28.571429 2028.571429 0.000000 0.000000 0.000000 1.000000
28.571429 2114.285714 0.000000 0.000000 0.000000 1.000000
28.571429 2171.428571 0.000000 0.000000 0.000000 1.000000
28.571429 2285.714286 0.000000 0.000000 0.000000 1.000000
28.571429 2371.428571 0.000000 0.000000 0.000000 1.000000
28.571429 2457.142857 0.000000 0.000000 0.000000 1.000000
28.571429 2542.857143 0.000000 0.000000 0.000000 1.000000
28.571429 2600.000000 0.000000 0.000000 0.000000 1.000000
28.571429 2714.285714 0.000000 0.000000 0.000000 1.000000
28.571429 2800.000000 0.000000 0.000000 0.000000 1.000000
28.571429 400.000000 0.000000 0.000000 0.000000 0.000000
28.571429 142.857143 0.000000 0.000000 0.000000 1.000000
28.571429 228.571429 0.000000 0.000000 0.000000 1.000000
28.571429 314.285714 0.000000 0.000000 0.000000 1.000000
28.571429 400.000000 0.000000 0.000000 0.000000 1.000000
28.571429 485.714286 0.000000 0.000000 0.000000 1.000000
28.571429 571.428571 0.000000 0.000000 0.000000 1.000000
28.571429 657.142857 0.000000 0.000000 0.000000 1.000000
28.571429 742.857143 0.000000 0.000000 0.000000 1.000000
28.571429 828.571429 0.000000 0.000000 0.000000 1.000000
28.571429 914.285714 0.000000 0.000000 0.000000 1.000000
28.571429 1000.000000 0.000000 0.000000 0.000000 1.000000
28.571429 1085.714286 0.000000 0.000000 0.000000 1.000000
28.571429 1171.428571 0.000000 0.000000 0.000000 1.000000
28.571429 1257.142857 0.000000 0.000000 0.000000 1.000000
28.571429 1342.857143 0.000000 0.000000 0.000000 1.000000
28.571429 1428.571429 0.000000 0.000000 0.000000 1.000000
28.571429 1514.285714 0.000000 0.000000 0.000000 1.000000
28.571429 1600.000000 0.000000 0.000000 0.000000 1.000000
28.571429 1685.714286 0.000000 0.000000 0.000000 1.000000
28.571429 1771.428571 0.000000 0.000000 0.000000 1.000000
28.571429 1857.142857 0.000000 0.000000 0.000000 1.000000
28.571429 1942.857143 0.000000 0.000000 0.000000 1.000000
28.571429 2028.571429 0.000000 0.000000 0.000000 1.000000
28.571429 2114.285714 0.000000 0.000000 0.000000 1.000000
28.571429 2171.428571 0.000000 0.000000 0.000000 1.000000
28.571429 2285.714286 0.000000 0.000000 0.000000 1.000000
28.571429 2371.428571 0.000000 0.000000 0.000000 1.000000
28.571429 2457.142857 0.000000 0.000000 0.000000 1.000000
28.571429 2542.857143 0.000000 0.000000 0.000000 1.000000
28.571429 2600.000000 0.000000 0.000000 0.000000 1.000000
28.571429 2714.285714 0.000000 0.000000 0.000000 1.000000
28.571429 2800.000000 0.000000 0.000000 0.000000 1.000000
28.571429 485.714286 0.000000 0.000000 0.000000 0.000000
28.571429 142.857143 0.000000 0.000000 0.000000 1.000000
28.571429 228.571429 0.000000 0.000000 0.000000 1.000000
28.571429 314.285714 0.000000 0.000000 0.000000 1.000000
28.571429 400.000000 0.000000 0.000000 0.000000 1.000000
28.571429 485.714286 0.000000 0.000000 0.000000 1.000000
28.571429 571.428571 0.000000 0.000000 0.000000 1.000000
28.571429 657.142857 0.000000 0.000000 0.000000 1.000000
28.571429 742.857143 0.000000 0.000000 0.000000 1.000000
28.571429 828.571429 0.000000 0.000000 0.000000 1.000000
28.571429 914.285714 0.000000 0.000000 0.000000 1.000000
28.571429 1000.000000 0.000000 0.000000 0.000000 1.000000
28.571429 1085.714286 0.000000 0.000000 0.000000 1.000000
28.571429 1171.428571 0.000000 0.000000 0.000000 1.000000
28.571429 1257.142857 0.000000 0.000000 0.000000 1.000000
28.571429 1342.857143 0.000000 0.000000 0.000000 1.000000
28.571429 1428.571429 0.000000 0.000000 0.000000 1.000000
28.571429 1514.285714 0.000000 0.000000 0.000000 1.000000
28.571429 1600.000000 0.000000 0.000000 0.000000 1.000000
28.571429 1685.714286 0.000000 0.000000 0.000000 1.000000
28.571429 1771.428571 0.000000 0.000000 0.000000 1.000000
28.571429 1857.142857 0.000000 0.000000 0.000000 1.000000
28.571429 1942.857143 0.000000 0.000000 0.000000 1.000000
28.571429 2028.571429 0.000000 0.000000 0.000000 1.000000
28.571429 2114.285714 0.000000 0.000000 0.000000 1.000000
28.571429 2171.428571 0.000000 0.000000 0.000000 1.000000
28.571429 2285.714286 0.000000 0.000000 0.000000 1.000000
28.571429 2371.428571 0.000000 0.000000 0.000000 1.000000
28.571429 2457.142857 0.000000 0.000000 0.000000 1.000000
28.571429 2542.857143 0.000000 0.000000 0.000000 1.000000
28.571429 2600.000000 0.000000 0.000000 0.000000 1.000000
28.571429 2714.285714 0.000000 0.000000 0.000000 1.000000
28.571429 2800.000000 0.000000 0.000000 0.000000 1.000000
28.571429 571.428571 0.000000 0.000000 0.000000 0.000000
28.571429 142.857143 0.000000 0.000000 0.000000 1.000000
28.571429 228.571429 0.000000 0.000000 0.000000 1.000000
28.571429 314.285714 0.000000 0.000000 0.000000 1.000000
28.571429 400.000000 0.000000 0.000000 0.000000 1.000000
28.571429 485.714286 0.000000 0.000000 0.000000 1.000000
28.571429 571.428571 0.000000 0.000000 0.000000 1.000000
28.571429 657.142857 0.000000 0.000000 0.000000 1.000000
28.571429 742.857143 0.000000 0.000000 0.000000 1.000000
28.571429 828.571429 0.000000 0.000000 0.000000 1.000000
28.571429 914.285714 0.000000 0.000000 0.000000 1.000000
28.571429 1000.000000 0.000000 0.000000 0.000000 1.000000
28.571429 1085.714286 0.000000 0.000000 0.000000 1.000000
28.571429 1171.428571 0.000000 0.000000 0.000000 1.000000
28.571429 1257.142857 0.000000 0.000000 0.000000 1.000000
28.571429 1342.857143 0.000000 0.000000 0.000000 1.000000
28.571429 1428.571429 0.000000 0.000000 0.000000 1.000000
28.571429 1514.285714 0.000000 0.000000 0.000000 1.000000
28.571429 1600.000000 0.000000 0.000000 0.000000 1.000000
28.571429 1685.714286 0.000000 0.000000 0.000000 1.000000
28.571429 1771.428571 0.000000 0.000000 0.000000 1.000000
28.571429 1857.142857 0.000000 0.000000 0.000000 1.000000
28.571429 1942.857143 0.000000 0.000000 0.000000 1.000000
28.571429 2028.571429 0.000000 0.000000 0.000000 1.000000
28.571429 2114.285714 0.000000 0.000000 0.000000 1.000000
28.571429 2171.428571 0.000000 0.000000 0.000000 1.000000
28.571429 2285.714286 0.000000 0.000000 0.000000 1.000000
28.571429 2371.428571 0.000000 0.000000 0.000000 1.000000
28.571429 2457.142857 0.000000 0.000000 0.000000 1.000000
28.571429 2542.857143 0.000000 0.000000 0.000000 1.000000
28.571429 2600.000000 0.000000 0.000000 0.000000 1.000000
28.571429 2714.285714 0.000000 0.000000 0.000000 1.000000
28.571429 2800.000000 0.000000 0.000000 0.000000 1.000000
28.571429 657.142857 0.000000 0.000000 0.000000 0.000000
28.571429 142.857143 0.000000 0.000000 0.000000 1.000000
28.571429 228.571429 0.000000 0.000000 0.000000 1.000000
28.571429 314.285714 0.000000 0.000000 0.000000 1.000000
28.571429 400.000000 0.000000 0.000000 0.000000 1.000000
28.571429 485.714286 0.000000 0.000000 0.000000 1.000000
28.571429 571.428571 0.000000 0.000000 0.000000 1.000000
28.571429 657.142857 0.000000 0.000000 0.000000 1.000000
28.571429 742.857143 0.000000 0.000000 0.000000 1.000000
28.571429 828.571429 0.000000 0.000000 0.000000 1.000000
28.571429 914.285714 0.000000 0.000000 0.000000 1.000000
28.571429 1000.000000 0.000000 0.000000 0.000000 1.000000
28.571429 1085.714286 0.000000 0.000000 0.000000 1.000000
28.571429 1171.428571 0.000000 0.000000 0.000000 1.000000
28.571429 1257.142857 0.000000 0.000000 0.000000 1.000000
28.571429 1342.857143 0.000000 0.000000 0.000000 1.000000
28.571429 1428.571429 0.000000 0.000000 0.000000 1.000000
28.571429 1514.285714 0.000000 0.000000 0.000000 1.000000
28.571429 1600.000000 0.000000 0.000000 0.000000 1.000000
28.571429 1685.714286 0.000000 0.000000 0.000000 1.000000
28.571429 1771.428571 0.000000 0.000000 0.000000 1.000000
28.571429 1857.142857 0.000000 0.000000 0.000000 1.000000
28.571429 1942.857143 0.000000 0.000000 0.000000 1.000000
28.571429 2028.571429 0.000000 0.000000 0.000000 1.000000
28.571429 2114.285714 0.000000 0.000000 0.000000 1.000000
28.571429 2171.428571 0.000000 0.000000 0.000000 1.000000
28.571429 2285.714286 0.000000 0.000000 0.000000 1.000000
28.571429 2371.428571 0.000000 0.000000 0.000000 1.000000
28.571429 2457.142857 0.000000 0.000000 0.000000 1.000000
28.571429 2542.857143 0.000000 0.000000 0.000000 1.000000
28.571429 2600.000000 0.000000 0.000000 0.000000 1.000000
28.571429 2714.285714 0.000000 0.000000 0.000000 1.000000
28.571429 2800.000000 0.000000 0.000000 0.000000 1.000000
28.571429 742.857143 0.000000 0.000000 0.000000 0.000000
28.571429 142.857143 0.000000 0.000000 0.000000 1.000000
28.571429 228.571429 0.000000 0.000000 0.000000 1.000000
28.571429 314.285714 0.000000 0.000000 0.000000 1.000000
28.571429 400.000000 0.000000 0.000000 0.000000 1.000000
28.571429 485.714286 0.000000 0.000000 0.000000 1.000000
28.571429 571.428571 0.000000 0.000000 0.000000 1.000000
28.571429 657.142857 0.000000 0.000000 0.000000 1.000000
28.571429 742.857143 0.000000 0.000000 0.000000 1.000000
28.571429 828.571429 0.000000 0.000000 0.000000 1.000000
28.571429 914.285714 0.000000 0.000000 0.000000 1.000000
28.571429 1000.000000 0.000000 0.000000 0.000000 1.000000
28.571429 1085.714286 0.000000 0.000000 0.000000 1.000000
28.571429 1171.428571 0.000000 0.000000 0.000000 1.000000
28.571429 1257.142857 0.000000 0.000000 0.000000 1.000000
28.571429 1342.857143 0.000000 0.000000 0.000000 1.000000
28.571429 1428.571429 0.000000 0.000000 0.000000 1.000000
28.571429 1514.285714 0.000000 0.000000 0.000000 1.000000
28.571429 1600.000000 0.000000 0.000000 0.000000 1.000000
28.571429 1685.714286 0.000000 0.000000 0.000000 1.000000
28.571429 1771.428571 0.000000 0.000000 0.000000 1.000000
28.571429 1857.142857 0.000000 0.000000 0.000000 1.000000
28.571429 1942.857143 0.000000 0.000000 0.000000 1.000000
28.571429 2028.571429 0.000000 0.000000 0.000000 1.000000
28.571429 2114.285714 0.000000 0.000000 0.000000 1.000000
28.571429 2171.428571 0.000000 0.000000 0.000000 1.000000
28.571429 2285.714286 0.000000 0.000000 0.000000 1.000000
28.571429 2371.428571 0.000000 0.000000 0.000000 1.000000
28.571429 2457.142857 0.000000 0.000000 0.000000 1.000000
28.571429 2542.857143 0.000000 0.000000 0.000000 1.000000
28.571429 2600.000000 0.000000 0.000000 0.000000 1.000000
28.571429 2714.285714 0.000000 0.000000 0.000000 1.000000
28.571429 2800.000000 0.000000 0.000000 0.000000 1.000000
28.571429 828.571429 0.000000 0.000000 0.000000 0.000000
28.571429 142.857143 0.000000 0.000000 0.000000 1.000000
28.571429 228.571429 0.000000 0.000000 0.000000 1.000000
28.571429 314.285714 0.000000 0.000000 0.000000 1.000000
28.571429 400.000000 0.000000 0.000000 0.000000 1.000000
28.571429 485.714286 0.000000 0.000000 0.000000 1.000000
28.571429 571.428571 0.000000 0.000000 0.000000 1.000000
28.571429 657.142857 0.000000 0.000000 0.000000 1.000000
28.571429 742.857143 0.000000 0.000000 0.000000 1.000000
28.571429 828.571429 0.000000 0.000000 0.000000 1.000000
28.571429 914.285714 0.000000 0.000000 0.000000 1.000000
28.571429 1000.000000 0.000000 0.000000 0.000000 1.000000
28.571429 1085.714286 0.000000 0.000000 0.000000 1.000000
28.571429 1171.428571 0.000000 0.000000 0.000000 1.000000
28.571429 1257.142857 0.000000 0.000000 0.000000 1.000000
28.571429 1342.857143 0.000000 0.000000 0.000000 1.000000
28.571429 1428.571429 0.000000 0.000000 0.000000 1.000000
28.571429 1514.285714 0.000000 0.000000 0.000000 1.000000
28.571429 1600.000000 0.000000 0.000000 0.000000 1.000000
28.571429 1685.714286 0.000000 0.000000 0.000000 1.000000
28.571429 1771.428571 0.000000 0.000000 0.000000 1.000000
28.571429 1857.142857 0.000000 0.000000 0.000000 1.000000
28.571429 1942.857143 0.000000 0.000000 0.000000 1.000000
28.571429 2028.571429 0.000000 0.000000 0.000000 1.000000
28.571429 2114.285714 0.000000 0.000000 0.000000 1.000000
28.571429 2171.428571 0.000000 0.000000 0.000000 1.000000
28.571429 2285.714286 0.000000 0.000000 0.000000 1.000000
28.571429 2371.428571 0.000000 0.000000 0.000000 1.000000
28.571429 2457.142857 0.000000 0.000000 0.000000 1.000000
28.571429 2542.857143 0.000000 0.000000 0.000000 1.000000
28.571429 2600.000000 0.000000 0.000000 0.000000 1.000000
28.571429 2714.285714 0.000000 0.000000 0.000000 1.000000
28.571429 2800.000000 0.000000 0.000000 0.000000 1.000000
28.571429 914.285714 0.000000 0.000000 0.000000 0.000000
28.571429 142.857143 0.000000 0.000000 0.000000 1.000000
28.571429 228.571429 0.000000 0.000000 0.000000 1.000000
28.571429 314.285714 0.000000 0.000000 0.000000 1.000000
28.571429 400.000000 0.000000 0.000000 0.000000 1.000000
28.571429 485.714286 0.000000 0.000000 0.000000 1.000000
28.571429 571.428571 0.000000 0.000000 0.000000 1.000000
28.571429 657.142857 0.000000 0.000000 0.000000 1.000000
28.571429 742.857143 0.000000 0.000000 0.000000 1.000000
28.571429 828.571429 0.000000 0.000000 0.000000 1.000000
28.571429 914.285714 0.000000 0.000000 0.000000 1.000000
28.571429 1000.000000 0.000000 0.000000 0.000000 1.000000
28.571429 1085.714286 0.000000 0.000000 0.000000 1.000000
28.571429 1171.428571 0.000000 0.000000 0.000000 1.000000
28.571429 1257.142857 0.000000 0.000000 0.000000 1.000000
28.571429 1342.857143 0.000000 0.000000 0.000000 1.000000
28.571429 1428.571429 0.000000 0.000000 0.000000 1.000000
28.571429 1514.285714 0.000000 0.000000 0.000000 1.000000
28.571429 1600.000000 0.000000 0.000000 0.000000 1.000000
28.571429 1685.714286 0.000000 0.000000 0.000000 1.000000
28.571429 1771.428571 0.000000 0.000000 0.000000 1.000000
28.571429 1857.142857 0.000000 0.000000 0.000000 1.000000
28.571429 1942.857143 0.000000 0.000000 0.000000 1.000000
28.571429 2028.571429 0.000000 0.000000 0.000000 1.000000
28.571429 2114.285714 0.000000 0.000000 0.000000 1.000000
28.571429 2171.428571 0.000000 0.000000 0.000000 1.000000
28.571429 2285.714286 0.000000 0.000000 0.000000 1.000000
28.571429 2371.428571 0.000000 0.000000 0.000000 1.000000
28.571429 2457.142857 0.000000 0.000000 0.000000 1.000000
28.571429 2542.857143 0.000000 0.000000 0.000000 1.000000
28.571429 2600.000000 0.000000 0.000000 0.000000 1.000000
28.571429 2714.285714 0.000000 0.000000 0.000000 1.000000
28.571429 2800.000000 0.000000 0.000000 0.000000 1.000000
28.571429 1000.000000 0.000000 0.000000 0.000000 0.000000
28.571429 142.857143 0.000000 0.000000 0.000000 1.000000
28.571429 228.571429 0.000000 0.000000 0.000000 1.000000
28.571429 314.285714 0.000000 0.000000 0.000000 1.000000
28.571429 400.000000 0.000000 0.000000 0.000000 1.000000
28.571429 485.714286 0.000000 0.000000 0.000000 1.000000
28.571429 571.428571 0.000000 0.000000 0.000000 1.000000
28.571429 657.142857 0.000000 0.000000 0.000000 1.000000
28.571429 742.857143 0.000000 0.000000 0.000000 1.000000
28.571429 828.571429 0.000000 0.000000 0.000000 1.000000
28.571429 914.285714 0.000000 0.000000 0.000000 1.000000
28.571429 1000.000000 0.000000 0.000000 0.000000 1.000000
28.571429 1085.714286 0.000000 0.000000 0.000000 1.000000
28.571429 1171.428571 0.000000 0.000000 0.000000 1.000000
28.571429 1257.142857 0.000000 0.000000 0.000000 1.000000
28.571429 1342.857143 0.000000 0.000000 0.000000 1.000000
28.571429 1428.571429 0.000000 0.000000 0.000000 1.000000
28.571429 1514.285714 0.000000 0.000000 0.000000 1.000000
28.571429 1600.000000 0.000000 0.000000 0.000000 1.000000
28.571429 1685.714286 0.000000 0.000000 0.000000 1.000000
28.571429 1771.428571 0.000000 0.000000 0.000000 1.000000
28.571429 1857.142857 0.000000 0.000000 0.000000 1.000000
28.571429 1942.857143 0.000000 0.000000 0.000000 1.000000
28.571429 2028.571429 0.000000 0.000000 0.000000 1.000000
28.571429 2114.285714 0.000000 0.000000 0.000000 1.000000
28.571429 2171.428571 0.000000 0.000000 0.000000 1.000000
28.571429 2285.714286 0.000000 0.000000 0.000000 1.000000
28.571429 2371.428571 0.000000 0.000000 0.000000 1.000000
28.571429 2457.142857 0.000000 0.000000 0.000000 1.000000
28.571429 2542.857143 0.000000 0.000000 0.000000 1.000000
28.571429 2600.000000 0.000000 0.000000 0.000000 1.000000
28.571429 2714.285714 0.000000 0.000000 0.000000 1.000000
28.571429 2800.000000 0.000000 0.000000 0.000000 1.000000
28.571429 1085.714286 0.000000 0.000000 0.000000 0.000000
28.571429 142.857143 0.000000 0.000000 0.000000 1.000000
28.571429 228.571429 0.000000 0.000000 0.000000 1.000000
28.571429 314.285714 0.000000 0.000000 0.000000 1.000000
28.571429 400.000000 0.000000 0.000000 0.000000 1.000000
28.571429 485.714286 0.000000 0.000000 0.000000 1.000000
28.571429 571.428571 0.000000 0.000000 0.000000 1.000000
28.571429 657.142857 0.000000 0.000000 0.000000 1.000000
28.571429 742.857143 0.000000 0.000000 0.000000 1.000000
28.571429 828.571429 0.000000 0.000000 0.000000 1.000000
28.571429 914.285714 0.000000 0.000000 0.000000 1.000000
28.571429 1000.000000 0.000000 0.000000 0.000000 1.000000
28.571429 1085.714286 0.000000 0.000000 0.000000 1.000000
28.571429 1171.428571 0.000000 0.000000 0.000000 1.000000
28.571429 1257.142857 0.000000 0.000000 0.000000 1.000000
28.571429 1342.857143 0.000000 0.000000 0.000000 1.000000
28.571429 1428.571429 0.000000 0.000000 0.000000 1.000000
28.571429 1514.285714 0.000000 0.000000 0.000000 1.000000
28.571429 1600.000000 0.000000 0.000000 0.000000 1.000000
28.571429 1685.714286 0.000000 0.000000 0.000000 1.000000
28.571429 1771.428571 0.000000 0.000000 0.000000 1.000000
28.571429 1857.142857 0.000000 0.000000 0.000000 1.000000
28.571429 1942.857143 0.000000 0.000000 0.000000 1.000000
28.571429 2028.571429 0.000000 0.000000 0.000000 1.000000
28.571429 2114.285714 0.000000 0.000000 0.000000 1.000000
28.571429 2171.428571 0.000000 0.000000 0.000000 1.000000
28.571429 2285.714286 0.000000 0.000000 0.000000 1.000000
28.571429 2371.428571 0.000000 0.000000 0.000000 1.000000
28.571429 2457.142857 0.000000 0.000000 0.000000 1.000000
28.571429 2542.857143 0.000000 0.000000 0.000000 1.000000
28.571429 2600.000000 0.000000 0.000000 0.000000 1.000000
28.571429 2714.285714 0.000000 0.000000 0.000000 1.000000
28.571429 2800.000000 0.000000 0.000000 0.000000 1.000000
28.571429 1171.428571 0.000000 0.000000 0.000000 0.000000
28.571429 142.857143 0.000000 0.000000 0.000000 1.000000
28.571429 228.571429 0.000000 0.000000 0.000000 1.000000
28.571429 314.285714 0.000000 0.000000 0.000000 1.000000
28.571429 400.000000 0.000000 0.000000 0.000000 1.000000
28.571429 485.714286 0.000000 0.000000 0.000000 1.000000
28.571429 571.428571 0.000000 0.000000 0.000000 1.000000
28.571429 657.142857 0.000000 0.000000 0.000000 1.000000
28.571429 742.857143 0.000000 0.000000 0.000000 1.000000
28.571429 828.571429 0.000000 0.000000 0.000000 1.000000
28.571429 914.285714 0.000000 0.000000 0.000000 1.000000
28.571429 1000.000000 0.000000 0.000000 0.000000 1.000000
28.571429 1085.714286 0.000000 0.000000 0.000000 1.000000
28.571429 1171.428571 0.000000 0.000000 0.000000 1.000000
28.571429 1257.142857 0.000000 0.000000 0.000000 1.000000
28.571429 1342.857143 0.000000 0.000000 0.000000 1.000000
28.571429 1428.571429 0.000000 0.000000 0.000000 1.000000
28.571429 1514.285714 0.000000 0.000000 0.000000 1.000000
28.571429 1600.000000 0.000000 0.000000 0.000000 1.000000
28.571429 1685.714286 0.000000 0.000000 0.000000 1.000000
28.571429 1771.428571 0.000000 0.000000 0.000000 1.000000
28.571429 1857.142857 0.000000 0.000000 0.000000 1.000000
28.571429 1942.857143 0.000000 0.000000 0.000000 1.000000
28.571429 2028.571429 0.000000 0.000000 0.000000 1.000000
28.571429 2114.285714 0.000000 0.000000 0.000000 1.000000
28.571429 2171.428571 0.000000 0.000000 0.000000 1.000000
28.571429 2285.714286 0.000000 0.000000 0.000000 1.000000
28.571429 2371.428571 0.000000 0.000000 0.000000 1.000000
28.571429 2457.142857 0.000000 0.000000 0.000000 1.000000
28.571429 2542.857143 0.000000 0.000000 0.000000 1.000000
28.571429 2600.000000 0.000000 0.000000 0.000000 1.000000
28.571429 2714.285714 0.000000 0.000000 0.000000 1.000000
28.571429 2800.000000 0.000000 0.000000 0.000000 1.000000
28.571429 1257.142857 0.000000 0.000000 0.000000 0.000000
28.571429 142.857143 0.000000 0.000000 0.000000 1.000000
28.571429 228.571429 0.000000 0.000000 0.000000 1.000000
28.571429 314.285714 0.000000 0.000000 0.000000 1.000000
28.571429 400.000000 0.000000 0.000000 0.000000 1.000000
28.571429 485.714286 0.000000 0.000000 0.000000 1.000000
28.571429 571.428571 0.000000 0.000000 0.000000 1.000000
28.571429 657.142857 0.000000 0.000000 0.000000 1.000000
28.571429 742.857143 0.000000 0.000000 0.000000 1.000000
28.571429 828.571429 0.000000 0.000000 0.000000 1.000000
28.571429 914.285714 0.000000 0.000000 0.000000 1.000000
28.571429 1000.000000 0.000000 0.000000 0.000000 1.000000
28.571429 1085.714286 0.000000 0.000000 0.000000 1.000000
28.571429 1171.428571 0.000000 0.000000 0.000000 1.000000
28.571429 1257.142857 0.000000 0.000000 0.000000 1.000000
28.571429 1342.857143 0.000000 0.000000 0.000000 1.000000
28.571429 1428.571429 0.000000 0.000000 0.000000 1.000000
28.571429 1514.285714 0.000000 0.000000 0.000000 1.000000
28.571429 1600.000000 0.000000 0.000000 0.000000 1.000000
28.571429 1685.714286 0.000000 0.000000 0.000000 1.000000
28.571429 1771.428571 0.000000 0.000000 0.000000 1.000000
28.571429 1857.142857 0.000000 0.000000 0.000000 1.000000
28.571429 1942.857143 0.000000 0.000000 0.000000 1.000000
28.571429 2028.571429 0.000000 0.000000 0.000000 1.000000
28.571429 2114.285714 0.000000 0.000000 0.000000 1.000000
28.571429 2171.428571 0.000000 0.000000 0.000000 1.000000
28.571429 2285.714286 0.000000 0.000000 0.000000 1.000000
28.571429 2371.428571 0.000000 0.000000 0.000000 1.000000
28.571429 2457.142857 0.000000 0.000000 0.000000 1.000000
28.571429 2542.857143 0.000000 0.000000 0.000000 1.000000
28.571429 2600.000000 0.000000 0.000000 0.000000 1.000000
28.571429 2714.285714 0.000000 0.000000 0.000000 1.000000
28.571429 2800.000000 0.000000 0.000000 0.000000 1.000000
28.571429 1342.857143 0.000000 0.000000 0.000000 0.000000
28.571429 142.857143 0.000000 0.000000 0.000000 1.000000
28.571429 228.571429 0.000000 0.000000 0.000000 1.000000
28.571429 314.285714 0.000000 0.000000 0.000000 1.000000
28.571429 400.000000 0.000000 0.000000 0.000000 1.000000
28.571429 485.714286 0.000000 0.000000 0.000000 1.000000
28.571429 571.428571 0.000000 0.000000 0.000000 1.000000
28.571429 657.142857 0.000000 0.000000 0.000000 1.000000
28.571429 742.857143 0.000000 0.000000 0.000000 1.000000
28.571429 828.571429 0.000000 0.000000 0.000000 1.000000
28.571429 914.285714 0.000000 0.000000 0.000000 1.000000
28.571429 1000.000000 0.000000 0.000000 0.000000 1.000000
28.571429 1085.714286 0.000000 0.000000 0.000000 1.000000
28.571429 1171.428571 0.000000 0.000000 0.000000 1.000000
28.571429 1257.142857 0.000000 0.000000 0.000000 1.000000
28.571429 1342.857143 0.000000 0.000000 0.000000 1.000000
28.571429 1428.571429 0.000000 0.000000 0.000000 1.000000
28.571429 1514.285714 0.000000 0.000000 0.000000 1.000000
28.571429 1600.000000 0.000000 0.000000 0.000000 1.000000
28.571429 1685.714286 0.000000 0.000000 0.000000 1.000000
28.571429 1771.428571 0.000000 0.000000 0.000000 1.000000
28.571429 1857.142857 0.000000 0.000000 0.000000 1.000000
28.571429 1942.857143 0.000000 0.000000 0.000000 1.000000
28.571429 2028.571429 0.000000 0.000000 0.000000 1.000000
28.571429 2114.285714 0.000000 0.000000 0.000000 1.000000
28.571429 2171.428571 0.000000 0.000000 0.000000 1.000000
28.571429 2285.714286 0.000000 0.000000 0.000000 1.000000
28.571429 2371.428571 0.000000 0.000000 0.000000 1.000000
28.571429 2457.142857 0.000000 0.000000 0.000000 1.000000
28.571429 2542.857143 0.000000 0.000000 0.000000 1.000000
28.571429 2600.000000 0.000000 0.000000 0.000000 1.000000
28.571429 2714.285714 0.000000 0.000000 0.000000 1.000000
28.571429 2800.000000 0.000000 0.000000 0.000000 1.000000
28.571429 1428.571429 0.000000 0.000000 0.000000 0.000000
28.571429 142.857143 0.000000 0.000000 0.000000 1.000000
28.571429 228.571429 0.000000 0.000000 0.000000 1.000000
28.571429 314.285714 0.000000 0.000000 0.000000 1.000000
28.571429 400.000000 0.000000 0.000000 0.000000 1.000000
28.571429 485.714286 0.000000 0.000000 0.000000 1.000000
28.571429 571.428571 0.000000 0.000000 0.000000 1.000000
28.571429 657.142857 0.000000 0.000000 0.000000 1.000000
28.571429 742.857143 0.000000 0.000000 0.000000 1.000000
28.571429 828.571429 0.000000 0.000000 0.000000 1.000000
28.571429 914.285714 0.000000 0.000000 0.000000 1.000000
28.571429 1000.000000 0.000000 0.000000 0.000000 1.000000
28.571429 1085.714286 0.000000 0.000000 0.000000 1.000000
28.571429 1171.428571 0.000000 0.000000 0.000000 1.000000
28.571429 1257.142857 0.000000 0.000000 0.000000 1.000000
28.571429 1342.857143 0.000000 0.000000 0.000000 1.000000
28.571429 1428.571429 0.000000 0.000000 0.000000 1.000000
28.571429 1514.285714 0.000000 0.000000 0.000000 1.000000
28.571429 1600.000000 0.000000 0.000000 0.000000 1.000000
28.571429 1685.714286 0.000000 0.000000 0.000000 1.000000
28.571429 1771.428571 0.000000 0.000000 0.000000 1.000000
28.571429 1857.142857 0.000000 0.000000 0.000000 1.000000
28.571429 1942.857143 0.000000 0.000000 0.000000 1.000000
28.571429 2028.571429 0.000000 0.000000 0.000000 1.000000
28.571429 2114.285714 0.000000 0.000000 0.000000 1.000000
28.571429 2171.428571 0.000000 0.000000 0.000000 1.000000
28.571429 2285.714286 0.000000 0.000000 0.000000 1.000000
28.571429 2371.428571 0.000000 0.000000 0.000000 1.000000
28.571429 2457.142857 0.000000 0.000000 0.000000 1.000000
28.571429 2542.857143 0.000000 0.000000 0.000000 1.000000
28.571429 2600.000000 0.000000 0.000000 0.000000 1.000000
28.571429 2714.285714 0.000000 0.000000 0.000000 1.000000
28.571429 2800.000000 0.000000 0.000000 0.000000 1.000000
28.571429 1514.285714 0.000000 0.000000 0.000000 0.000000
28.571429 142.857143 0.000000 0.000000 0.000000 1.000000
28.571429 228.571429 0.000000 0.000000 0.000000 1.000000
28.571429 314.285714 0.000000 0.000000 0.000000 1.000000
28.571429 400.000000 0.000000 0.000000 0.000000 1.000000
28.571429 485.714286 0.000000 0.000000 0.000000 1.000000
28.571429 571.428571 0.000000 0.000000 0.000000 1.000000
28.571429 657.142857 0.000000 0.000000 0.000000 1.000000
28.571429 742.857143 0.000000 0.000000 0.000000 1.000000
28.571429 828.571429 0.000000 0.000000 0.000000 1.000000
28.571429 914.285714 0.000000 0.000000 0.000000 1.000000
28.571429 1000.000000 0.000000 0.000000 0.000000 1.000000
28.571429 1085.714286 0.000000 0.000000 0.000000 1.000000
28.571429 1171.428571 0.000000 0.000000 0.000000 1.000000
28.571429 1257.142857 0.000000 0.000000 0.000000 1.000000
28.571429 1342.857143 0.000000 0.000000 0.000000 1.000000
28.571429 1428.571429 0.000000 0.000000 0.000000 1.000000
28.571429 1514.285714 0.000000 0.000000 0.000000 1.000000
28.571429 1600.000000 0.000000 0.000000 0.000000 1.000000
28.571429 1685.714286 0.000000 0.000000 0.000000 1.000000
28.571429 1771.428571 0.000000 0.000000 0.000000 1.000000
28.571429 1857.142857 0.000000 0.000000 0.000000 1.000000
28.571429 1942.857143 0.000000 0.000000 0.000000 1.000000
28.571429 2028.571429 0.000000 0.000000 0.000000 1.000000
28.571429 2114.285714 0.000000 0.000000 0.000000 1.000000
28.571429 2171.428571 0.000000 0.000000 0.000000 1.000000
28.571429 2285.714286 0.000000 0.000000 0.000000 1.000000
28.571429 2371.428571 0.000000 0.000000 0.000000 1.000000
28.571429 2457.142857 0.000000 0.000000 0.000000 1.000000
28.571429 2542.857143 0.000000 0.000000 0.000000 1.000000
28.571429 2600.000000 0.000000 0.000000 0.000000 1.000000
28.571429 2714.285714 0.000000 0.000000 0.000000 1.000000
28.571429 2800.000000 0.000000 0.000000 0.000000 1.000000
28.571429 1600.000000 0.000000 0.000000 0.000000 0.000000
28.571429 142.857143 0.000000 0.000000 0.000000 1.000000
28.571429 228.571429 0.000000 0.000000 0.000000 1.000000
28.571429 314.285714 0.000000 0.000000 0.000000 1.000000
28.571429 400.000000 0.000000 0.000000 0.000000 1.000000
28.571429 485.714286 0.000000 0.000000 0.000000 1.000000
28.571429 571.428571 0.000000 0.000000 0.000000 1.000000
28.571429 657.142857 0.000000 0.000000 0.000000 1.000000
28.571429 742.857143 0.000000 0.000000 0.000000 1.000000
28.571429 828.571429 0.000000 0.000000 0.000000 1.000000
28.571429 914.285714 0.000000 0.000000 0.000000 1.000000
28.571429 1000.000000 0.000000 0.000000 0.000000 1.000000
28.571429 1085.714286 0.000000 0.000000 0.000000 1.000000
28.571429 1171.428571 0.000000 0.000000 0.000000 1.000000
28.571429 1257.142857 0.000000 0.000000 0.000000 1.000000
28.571429 1342.857143 0.000000 0.000000 0.000000 1.000000
28.571429 1428.571429 0.000000 0.000000 0.000000 1.000000
28.571429 1514.285714 0.000000 0.000000 0.000000 1.000000
28.571429 1600.000000 0.000000 0.000000 0.000000 1.000000
28.571429 1685.714286 0.000000 0.000000 0.000000 1.000000
28.571429 1771.428571 0.000000 0.000000 0.000000 1.000000
28.571429 1857.142857 0.000000 0.000000 0.000000 1.000000
28.571429 1942.857143 0.000000 0.000000 0.000000 1.000000
28.571429 2028.571429 0.000000 0.000000 0.000000 1.000000
28.571429 2114.285714 0.000000 0.000000 0.000000 1.000000
28.571429 2171.428571 0.000000 0.000000 0.000000 1.000000
28.571429 2285.714286 0.000000 0.000000 0.000000 1.000000
28.571429 2371.428571 0.000000 0.000000 0.000000 1.000000
28.571429 2457.142857 0.000000 0.000000 0.000000 1.000000
28.571429 2542.857143 0.000000 0.000000 0.000000 1.000000
28.571429 2600.000000 0.000000 0.000000 0.000000 1.000000
28.571429 2714.285714 0.000000 0.000000 0.000000 1.000000
28.571429 2800.000000 0.000000 0.000000 0.000000 1.000000
28.571429 1685.714286 0.000000 0.000000 0.000000 0.000000
28.571429 142.857143 0.000000 0.000000 0.000000 1.000000
28.571429 228.571429 0.000000 0.000000 0.000000 1.000000
28.571429 314.285714 0.000000 0.000000 0.000000 1.000000
28.571429 400.000000 0.000000 0.000000 0.000000 1.000000
28.571429 485.714286 0.000000 0.000000 0.000000 1.000000
28.571429 571.428571 0.000000 0.000000 0.000000 1.000000
28.571429 657.142857 0.000000 0.000000 0.000000 1.000000
28.571429 742.857143 0.000000 0.000000 0.000000 1.000000
28.571429 828.571429 0.000000 0.000000 0.000000 1.000000
28.571429 914.285714 0.000000 0.000000 0.000000 1.000000
28.571429 1000.000000 0.000000 0.000000 0.000000 1.000000
28.571429 1085.714286 0.000000 0.000000 0.000000 1.000000
28.571429 1171.428571 0.000000 0.000000 0.000000 1.000000
28.571429 1257.142857 0.000000 0.000000 0.000000 1.000000
28.571429 1342.857143 0.000000 0.000000 0.000000 1.000000
28.571429 1428.571429 0.000000 0.000000 0.000000 1.000000
28.571429 1514.285714 0.000000 0.000000 0.000000 1.000000
28.571429 1600.000000 0.000000 0.000000 0.000000 1.000000
28.571429 1685.714286 0.000000 0.000000 0.000000 1.000000
28.571429 1771.428571 0.000000 0.000000 0.000000 1.000000
28.571429 1857.142857 0.000000 0.000000 0.000000 1.000000
28.571429 1942.857143 0.000000 0.000000 0.000000 1.000000
28.571429 2028.571429 0.000000 0.000000 0.000000 1.000000
28.571429 2114.285714 0.000000 0.000000 0.000000 1.000000
28.571429 2171.428571 0.000000 0.000000 0.000000 1.000000
28.571429 2285.714286 0.000000 0.000000 0.000000 1.000000
28.571429 2371.428571 0.000000 0.000000 0.000000 1.000000
28.571429 2457.142857 0.000000 0.000000 0.000000 1.000000
28.571429 2542.857143 0.000000 0.000000 0.000000 1.000000
28.571429 2600.000000 0.000000 0.000000 0.000000 1.000000
28.571429 2714.285714 0.000000 0.000000 0.000000 1.000000
28.571429 2800.000000 0.000000 0.000000 0.000000 1.000000
28.571429 1771.428571 0.000000 0.000000 0.000000 0.000000
28.571429 142.857143 0.000000 0.000000 0.000000 1.000000
28.571429 228.571429 0.000000 0.000000 0.000000 1.000000
28.571429 314.285714 0.000000 0.000000 0.000000 1.000000
28.571429 400.000000 0.000000 0.000000 0.000000 1.000000
28.571429 485.714286 0.000000 0.000000 0.000000 1.000000
28.571429 571.428571 0.000000 0.000000 0.000000 1.000000
28.571429 657.142857 0.000000 0.000000 0.000000 1.000000
28.571429 742.857143 0.000000 0.000000 0.000000 1.000000
28.571429 828.571429 0.000000 0.000000 0.000000 1.000000
28.571429 914.285714 0.000000 0.000000 0.000000 1.000000
28.571429 1000.000000 0.000000 0.000000 0.000000 1.000000
28.571429 1085.714286 0.000000 0.000000 0.000000 1.000000
28.571429 1171.428571 0.000000 0.000000 0.000000 1.000000
28.571429 1257.142857 0.000000 0.000000 0.000000 1.000000
28.571429 1342.857143 0.000000 0.000000 0.000000 1.000000
28.571429 1428.571429 0.000000 0.000000 0.000000 1.000000
28.571429 1514.285714 0.000000 0.000000 0.000000 1.000000
28.571429 1600.000000 0.000000 0.000000 0.000000 1.000000
28.571429 1685.714286 0.000000 0.000000 0.000000 1.000000
28.571429 1771.428571 0.000000 0.000000 0.000000 1.000000
28.571429 1857.142857 0.000000 0.000000 0.000000 1.000000
28.571429 1942.857143 0.000000 0.000000 0.000000 1.000000
28.571429 2028.571429 0.000000 0.000000 0.000000 1.000000
28.571429 2114.285714 0.000000 0.000000 0.000000 1.000000
28.571429 2171.428571 0.000000 0.000000 0.000000 1.000000
28.571429 2285.714286 0.000000 0.000000 0.000000 1.000000
28.571429 2371.428571 0.000000 0.000000 0.000000 1.000000
28.571429 2457.142857 0.000000 0.000000 0.000000 1.000000
28.571429 2542.857143 0.000000 0.000000 0.000000 1.000000
28.571429 2600.000000 0.000000 0.000000 0.000000 1.000000
28.571429 2714.285714 0.000000 0.000000 0.000000 1.000000
28.571429 2800.000000 0.000000 0.000000 0.000000 1.000000
28.571429 1857.142857 0.000000 0.000000 0.000000 0.000000
28.571429 142.857143 0.000000 0.000000 0.000000 1.000000
28.571429 228.571429 0.000000 0.000000 0.000000 1.000000
28.571429 314.285714 0.000000 0.000000 0.000000 1.000000
28.571429 400.000000 0.000000 0.000000 0.000000 1.000000
28.571429 485.714286 0.000000 0.000000 0.000000 1.000000
28.571429 571.428571 0.000000 0.000000 0.000000 1.000000
28.571429 657.142857 0.000000 0.000000 0.000000 1.000000
28.571429 742.857143 0.000000 0.000000 0.000000 1.000000
28.571429 828.571429 0.000000 0.000000 0.000000 1.000000
28.571429 914.285714 0.000000 0.000000 0.000000 1.000000
28.571429 1000.000000 0.000000 0.000000 0.000000 1.000000
28.571429 1085.714286 0.000000 0.000000 0.000000 1.000000
28.571429 1171.428571 0.000000 0.000000 0.000000 1.000000
28.571429 1257.142857 0.000000 0.000000 0.000000 1.000000
28.571429 1342.857143 0.000000 0.000000 0.000000 1.000000
28.571429 1428.571429 0.000000 0.000000 0.000000 1.000000
28.571429 1514.285714 0.000000 0.000000 0.000000 1.000000
28.571429 1600.000000 0.000000 0.000000 0.000000 1.000000
28.571429 1685.714286 0.000000 0.000000 0.000000 1.000000
28.571429 1771.428571 0.000000 0.000000 0.000000 1.000000
28.571429 1857.142857 0.000000 0.000000 0.000000 1.000000
28.571429 1942.857143 0.000000 0.000000 0.000000 1.000000
28.571429 2028.571429 0.000000 0.000000 0.000000 1.000000
28.571429 2114.285714 0.000000 0.000000 0.000000 1.000000
28.571429 2171.428571 0.000000 0.000000 0.000000 1.000000
28.571429 2285.714286 0.000000 0.000000 0.000000 1.000000
28.571429 2371.428571 0.000000 0.000000 0.000000 1.000000
28.571429 2457.142857 0.000000 0.000000 0.000000 1.000000
28.571429 2542.857143 0.000000 0.000000 0.000000 1.000000
28.571429 2600.000000 0.000000 0.000000 0.000000 1.000000
28.571429 2714.285714 0.000000 0.000000 0.000000 1.000000
28.571429 2800.000000 0.000000 0.000000 0.000000 1.000000
28.571429 1942.857143 0.000000 0.000000 0.000000 0.000000
28.571429 142.857143 0.000000 0.000000 0.000000 1.000000
28.571429 228.571429 0.000000 0.000000 0.000000 1.000000
28.571429 314.285714 0.000000 0.000000 0.000000 1.000000
28.571429 400.000000 0.000000 0.000000 0.000000 1.000000
28.571429 485.714286 0.000000 0.000000 0.000000 1.000000
28.571429 571.428571 0.000000 0.000000 0.000000 1.000000
28.571429 657.142857 0.000000 0.000000 0.000000 1.000000
28.571429 742.857143 0.000000 0.000000 0.000000 1.000000
28.571429 828.571429 0.000000 0.000000 0.000000 1.000000
28.571429 914.285714 0.000000 0.000000 0.000000 1.000000
28.571429 1000.000000 0.000000 0.000000 0.000000 1.000000
28.571429 1085.714286 0.000000 0.000000 0.000000 1.000000
28.571429 1171.428571 0.000000 0.000000 0.000000 1.000000
28.571429 1257.142857 0.000000 0.000000 0.000000 1.000000
28.571429 1342.857143 0.000000 0.000000 0.000000 1.000000
28.571429 1428.571429 0.000000 0.000000 0.000000 1.000000
28.571429 1514.285714 0.000000 0.000000 0.000000 1.000000
28.571429 1600.000000 0.000000 0.000000 0.000000 1.000000
28.571429 1685.714286 0.000000 0.000000 0.000000 1.000000
28.571429 1771.428571 0.000000 0.000000 0.000000 1.000000
28.571429 1857.142857 0.000000 0.000000 0.000000 1.000000
28.571429 1942.857143 0.000000 0.000000 0.000000 1.000000
28.571429 2028.571429 0.000000 0.000000 0.000000 1.000000
28.571429 2114.285714 0.000000 0.000000 0.000000 1.000000
28.571429 2171.428571 0.000000 0.000000 0.000000 1.000000
28.571429 2285.714286 0.000000 0.000000 0.000000 1.000000
28.571429 2371.428571 0.000000 0.000000 0.000000 1.000000
28.571429 2457.142857 0.000000 0.000000 0.000000 1.000000
28.571429 2542.857143 0.000000 0.000000 0.000000 1.000000
28.571429 2600.000000 0.000000 0.000000 0.000000 1.000000
28.571429 2714.285714 0.000000 0.000000 0.000000 1.000000
28.571429 2800.000000 0.000000 0.000000 0.000000 1.000000
28.571429 2028.571429 0.000000 0.000000 0.000000 0.000000
28.571429 142.857143 0.000000 0.000000 0.000000 1.000000
28.571429 228.571429 0.000000 0.000000 0.000000 1.000000
28.571429 314.285714 0.000000 0.000000 0.000000 1.000000
28.571429 400.000000 0.000000 0.000000 0.000000 1.000000
28.571429 485.714286 0.000000 0.000000 0.000000 1.000000
28.571429 571.428571 0.000000 0.000000 0.000000 1.000000
28.571429 657.142857 0.000000 0.000000 0.000000 1.000000
28.571429 742.857143 0.000000 0.000000 0.000000 1.000000
28.571429 828.571429 0.000000 0.000000 0.000000 1.000000
28.571429 914.285714 0.000000 0.000000 0.000000 1.000000
28.571429 1000.000000 0.000000 0.000000 0.000000 1.000000
28.571429 1085.714286 0.000000 0.000000 0.000000 1.000000
28.571429 1171.428571 0.000000 0.000000 0.000000 1.000000
28.571429 1257.142857 0.000000 0.000000 0.000000 1.000000
28.571429 1342.857143 0.000000 0.000000 0.000000 1.000000
28.571429 1428.571429 0.000000 0.000000 0.000000 1.000000
28.571429 1514.285714 0.000000 0.000000 0.000000 1.000000
28.571429 1600.000000 0.000000 0.000000 0.000000 1.000000
28.571429 1685.714286 0.000000 0.000000 0.000000 1.000000
28.571429 1771.428571 0.000000 0.000000 0.000000 1.000000
28.571429 1857.142857 0.000000 0.000000 0.000000 1.000000
28.571429 1942.857143 0.000000 0.000000 0.000000 1.000000
28.571429 2028.571429 0.000000 0.000000 0.000000 1.000000
28.571429 2114.285714 0.000000 0.000000 0.000000 1.000000
28.571429 2171.428571 0.000000 0.000000 0.000000 1.000000
28.571429 2285.714286 0.000000 0.000000 0.000000 1.000000
28.571429 2371.428571 0.000000 0.000000 0.000000 1.000000
28.571429 2457.142857 0.000000 0.000000 0.000000 1.000000
28.571429 2542.857143 0.000000 0.000000 0.000000 1.000000
28.571429 2600.000000 0.000000 0.000000 0.000000 1.000000
28.571429 2714.285714 0.000000 0.000000 0.000000 1.000000
28.571429 2800.000000 0.000000 0.000000 0.000000 1.000000
28.571429 2114.285714 0.000000 0.000000 0.000000 0.000000
28.571429 142.857143 0.000000 0.000000 0.000000 1.000000
28.571429 228.571429 0.000000 0.000000 0.000000 1.000000
28.571429 314.285714 0.000000 0.000000 0.000000 1.000000
28.571429 400.000000 0.000000 0.000000 0.000000 1.000000
28.571429 485.714286 0.000000 0.000000 0.000000 1.000000
28.571429 571.428571 0.000000 0.000000 0.000000 1.000000
28.571429 657.142857 0.000000 0.000000 0.000000 1.000000
28.571429 742.857143 0.000000 0.000000 0.000000 1.000000
28.571429 828.571429 0.000000 0.000000 0.000000 1.000000
28.571429 914.285714 0.000000 0.000000 0.000000 1.000000
28.571429 1000.000000 0.000000 0.000000 0.000000 1.000000
28.571429 1085.714286 0.000000 0.000000 0.000000 1.000000
28.571429 1171.428571 0.000000 0.000000 0.000000 1.000000
28.571429 1257.142857 0.000000 0.000000 0.000000 1.000000
28.571429 1342.857143 0.000000 0.000000 0.000000 1.000000
28.571429 1428.571429 0.000000 0.000000 0.000000 1.000000
28.571429 1514.285714 0.000000 0.000000 0.000000 1.000000
28.571429 1600.000000 0.000000 0.000000 0.000000 1.000000
28.571429 1685.714286 0.000000 0.000000 0.000000 1.000000
28.571429 1771.428571 0.000000 0.000000 0.000000 1.000000
28.571429 1857.142857 0.000000 0.000000 0.000000 1.000000
28.571429 1942.857143 0.000000 0.000000 0.000000 1.000000
28.571429 2028.571429 0.000000 0.000000 0.000000 1.000000
28.571429 2114.285714 0.000000 0.000000 0.000000 1.000000
28.571429 2171.428571 0.000000 0.000000 0.000000 1.000000
28.571429 2285.714286 0.000000 0.000000 0.000000 1.000000
28.571429 2371.428571 0.000000 0.000000 0.000000 1.000000
28.571429 2457.142857 0.000000 0.000000 0.000000 1.000000
28.571429 2542.857143 0.000000 0.000000 0.000000 1.000000
28.571429 2600.000000 0.000000 0.000000 0.000000 1.000000
28.571429 2714.285714 0.000000 0.000000 0.000000 1.000000
28.571429 2800.000000 0.000000 0.000000 0.000000 1.000000
28.571429 2171.428571 0.000000 0.000000 0.000000 0.000000
28.571429 142.857143 0.000000 0.000000 0.000000 1.000000
28.571429 228.571429 0.000000 0.000000 0.000000 1.000000
28.571429 314.285714 0.000000 0.000000 0.000000 1.000000
28.571429 400.000000 0.000000 0.000000 0.000000 1.000000
28.571429 485.714286 0.000000 0.000000 0.000000 1.000000
28.571429 571.428571 0.000000 0.000000 0.000000 1.000000
28.571429 657.142857 0.000000 0.000000 0.000000 1.000000
28.571429 742.857143 0.000000 0.000000 0.000000 1.000000
28.571429 828.571429 0.000000 0.000000 0.000000 1.000000
28.571429 914.285714 0.000000 0.000000 0.000000 1.000000
28.571429 1000.000000 0.000000 0.000000 0.000000 1.000000
28.571429 1085.714286 0.000000 0.000000 0.000000 1.000000
28.571429 1171.428571 0.000000 0.000000 0.000000 1.000000
28.571429 1257.142857 0.000000 0.000000 0.000000 1.000000
28.571429 1342.857143 0.000000 0.000000 0.000000 1.000000
28.571429 1428.571429 0.000000 0.000000 0.000000 1.000000
28.571429 1514.285714 0.000000 0.000000 0.000000 1.000000
28.571429 1600.000000 0.000000 0.000000 0.000000 1.000000
28.571429 1685.714286 0.000000 0.000000 0.000000 1.000000
28.571429 1771.428571 0.000000 0.000000 0.000000 1.000000
28.571429 1857.142857 0.000000 0.000000 0.000000 1.000000
28.571429 1942.857143 0.000000 0.000000 0.000000 1.000000
28.571429 2028.571429 0.000000 0.000000 0.000000 1.000000
28.571429 2114.285714 0.000000 0.000000 0.000000 1.000000
28.571429 2171.428571 0.000000 0.000000 0.000000 1.000000
28.571429 2285.714286 0.000000 0.000000 0.000000 1.000000
28.571429 2371.428571 0.000000 0.000000 0.000000 1.000000
28.571429 2457.142857 0.000000 0.000000 0.000000 1.000000
28.571429 2542.857143 0.000000 0.000000 0.000000 1.000000
28.571429 2600.000000 0.000000 0.000000 0.000000 1.000000
28.571429 2714.285714 0.000000 0.000000 0.000000 1.000000
28.571429 2800.000000 0.000000 0.000000 0.000000 1.000000
28.571429 2285.714286 0.000000 0.000000 0.000000 0.000000
28.571429 142.857143 0.000000 0.000000 0.000000 1.000000
28.571429 228.571429 0.000000 0.000000 0.000000 1.000000
28.571429 314.285714 0.000000 0.000000 0.000000 1.000000
28.571429 400.000000 0.000000 0.000000 0.000000 1.000000
28.571429 485.714286 0.000000 0.000000 0.000000 1.000000
28.571429 571.428571 0.000000 0.000000 0.000000 1.000000
28.571429 657.142857 0.000000 0.000000 0.000000 1.000000
28.571429 742.857143 0.000000 0.000000 0.000000 1.000000
28.571429 828.571429 0.000000 0.000000 0.000000 1.000000
28.571429 914.285714 0.000000 0.000000 0.000000 1.000000
28.571429 1000.000000 0.000000 0.000000 0.000000 1.000000
28.571429 1085.714286 0.000000 0.000000 0.000000 1.000000
28.571429 1171.428571 0.000000 0.000000 0.000000 1.000000
28.571429 1257.142857 0.000000 0.000000 0.000000 1.000000
28.571429 1342.857143 0.000000 0.000000 0.000000 1.000000
28.571429 1428.571429 0.000000 0.000000 0.000000 1.000000
28.571429 1514.285714 0.000000 0.000000 0.000000 1.000000
28.571429 1600.000000 0.000000 0.000000 0.000000 1.000000
28.571429 1685.714286 0.000000 0.000000 0.000000 1.000000
28.571429 1771.428571 0.000000 0.000000 0.000000 1.000000
28.571429 1857.142857 0.000000 0.000000 0.000000 1.000000
28.571429 1942.857143 0.000000 0.000000 0.000000 1.000000
28.571429 2028.571429 0.000000 0.000000 0.000000 1.000000
28.571429 2114.285714 0.000000 0.000000 0.000000 1.000000
28.571429 2171.428571 0.000000 0.000000 0.000000 1.000000
28.571429 2285.714286 0.000000 0.000000 0.000000 1.000000
28.571429 2371.428571 0.000000 0.000000 0.000000 1.000000
28.571429 2457.142857 0.000000 0.000000 0.000000 1.000000
28.571429 2542.857143 0.000000 0.000000 0.000000 1.000000
28.571429 2600.000000 0.000000 0.000000 0.000000 1.000000
28.571429 2714.285714 0.000000 0.000000 0.000000 1.000000
28.571429 2800.000000 0.000000 0.000000 0.000000 1.000000
28.571429 2371.428571 0.000000 0.000000 0.000000 0.000000
28.571429 142.857143 0.000000 0.000000 0.000000 1.000000
28.571429 228.571429 0.000000 0.000000 0.000000 1.000000
28.571429 314.285714 0.000000 0.000000 0.000000 1.000000
28.571429 400.000000 0.000000 0.000000 0.000000 1.000000
28.571429 485.714286 0.000000 0.000000 0.000000 1.000000
28.571429 571.428571 0.000000 0.000000 0.000000 1.000000
28.571429 657.142857 0.000000 0.000000 0.000000 1.000000
28.571429 742.857143 0.000000 0.000000 0.000000 1.000000
28.571429 828.571429 0.000000 0.000000 0.000000 1.000000
28.571429 914.285714 0.000000 0.000000 0.000000 1.000000
28.571429 1000.000000 0.000000 0.000000 0.000000 1.000000
28.571429 1085.714286 0.000000 0.000000 0.000000 1.000000
28.571429 1171.428571 0.000000 0.000000 0.000000 1.000000
28.571429 1257.142857 0.000000 0.000000 0.000000 1.000000
28.571429 1342.857143 0.000000 0.000000 0.000000 1.000000
28.571429 1428.571429 0.000000 0.000000 0.000000 1.000000
28.571429 1514.285714 0.000000 0.000000 0.000000 1.000000
28.571429 1600.000000 0.000000 0.000000 0.000000 1.000000
28.571429 1685.714286 0.000000 0.000000 0.000000 1.000000
28.571429 1771.428571 0.000000 0.000000 0.000000 1.000000
28.571429 1857.142857 0.000000 0.000000 0.000000 1.000000
28.571429 1942.857143 0.000000 0.000000 0.000000 1.000000
28.571429 2028.571429 0.000000 0.000000 0.000000 1.000000
28.571429 2114.285714 0.000000 0.000000 0.000000 1.000000
28.571429 2171.428571 0.000000 0.000000 0.000000 1.000000
28.571429 2285.714286 0.000000 0.000000 0.000000 1.000000
28.571429 2371.428571 0.000000 0.000000 0.000000 1.000000
28.571429 2457.142857 0.000000 0.000000 0.000000 1.000000
28.571429 2542.857143 0.000000 0.000000 0.000000 1.000000
28.571429 2600.000000 0.000000 0.000000 0.000000 1.000000
28.571429 2714.285714 0.000000 0.000000 0.000000 1.000000
28.571429 2800.000000 0.000000 0.000000 0.000000 1.000000
28.571429 2457.142857 0.000000 0.000000 0.000000 0.000000
28.571429 142.857143 0.000000 0.000000 0.000000 1.000000
28.571429 228.571429 0.000000 0.000000 0.000000 1.000000
28.571429 314.285714 0.000000 0.000000 0.000000 1.000000
28.571429 400.000000 0.000000 0.000000 0.000000 1.000000
28.571429 485.714286 0.000000 0.000000 0.000000 1.000000
28.571429 571.428571 0.000000 0.000000 0.000000 1.000000
28.571429 657.142857 0.000000 0.000000 0.000000 1.000000
28.571429 742.857143 0.000000 0.000000 0.000000 1.000000
28.571429 828.571429 0.000000 0.000000 0.000000 1.000000
28.571429 914.285714 0.000000 0.000000 0.000000 1.000000
28.571429 1000.000000 0.000000 0.000000 0.000000 1.000000
28.571429 1085.714286 0.000000 0.000000 0.000000 1.000000
28.571429 1171.428571 0.000000 0.000000 0.000000 1.000000
28.571429 1257.142857 0.000000 0.000000 0.000000 1.000000
28.571429 1342.857143 0.000000 0.000000 0.000000 1.000000
28.571429 1428.571429 0.000000 0.000000 0.000000 1.000000
28.571429 1514.285714 0.000000 0.000000 0.000000 1.000000
28.571429 1600.000000 0.000000 0.000000 0.000000 1.000000
28.571429 1685.714286 0.000000 0.000000 0.000000 1.000000
28.571429 1771.428571 0.000000 0.000000 0.000000 1.000000
28.571429 1857.142857 0.000000 0.000000 0.000000 1.000000
28.571429 1942.857143 0.000000 0.000000 0.000000 1.000000
28.571429 2028.571429 0.000000 0.000000 0.000000 1.000000
28.571429 2114.285714 0.000000 0.000000 0.000000 1.000000
28.571429 2171.428571 0.000000 0.000000 0.000000 1.000000
28.571429 2285.714286 0.000000 0.000000 0.000000 1.000000
28.571429 2371.428571 0.000000 0.000000 0.000000 1.000000
28.571429 2457.142857 0.000000 0.000000 0.000000 1.000000
28.571429 2542.857143 0.000000 0.000000 0.000000 1.000000
28.571429 2600.000000 0.000000 0.000000 0.000000 1.000000
28.571429 2714.285714 0.000000 0.000000 0.000000 1.000000
28.571429 2800.000000 0.000000 0.000000 0.000000 1.000000
28.571429 2542.857143 0.000000 0.000000 0.000000 0.000000
28.571429 142.857143 0.000000 0.000000 0.000000 1.000000
28.571429 228.571429 0.000000 0.000000 0.000000 1.000000
28.571429 314.285714 0.000000 0.000000 0.000000 1.000000
28.571429 400.000000 0.000000 0.000000 0.000000 1.000000
28.571429 485.714286 0.000000 0.000000 0.000000 1.000000
28.571429 571.428571 0.000000 0.000000 0.000000 1.000000
28.571429 657.142857 0.000000 0.000000 0.000000 1.000000
28.571429 742.857143 0.000000 0.000000 0.000000 1.000000
28.571429 828.571429 0.000000 0.000000 0.000000 1.000000
28.571429 914.285714 0.000000 0.000000 0.000000 1.000000
28.571429 1000.000000 0.000000 0.000000 0.000000 1.000000
28.571429 1085.714286 0.000000 0.000000 0.000000 1.000000
28.571429 1171.428571 0.000000 0.000000 0.000000 1.000000
28.571429 1257.142857 0.000000 0.000000 0.000000 1.000000
28.571429 1342.857143 0.000000 0.000000 0.000000 1.000000
28.571429 1428.571429 0.000000 0.000000 0.000000 1.000000
28.571429 1514.285714 0.000000 0.000000 0.000000 1.000000
28.571429 1600.000000 0.000000 0.000000 0.000000 1.000000
28.571429 1685.714286 0.000000 0.000000 0.000000 1.000000
28.571429 1771.428571 0.000000 0.000000 0.000000 1.000000
28.571429 1857.142857 0.000000 0.000000 0.000000 1.000000
28.571429 1942.857143 0.000000 0.000000 0.000000 1.000000
28.571429 2028.571429 0.000000 0.000000 0.000000 1.000000
28.571429 2114.285714 0.000000 0.000000 0.000000 1.000000
28.571429 2171.428571 0.000000 0.000000 0.000000 1.000000
28.571429 2285.714286 0.000000 0.000000 0.000000 1.000000
28.571429 2371.428571 0.000000 0.000000 0.000000 1.000000
28.571429 2457.142857 0.000000 0.000000 0.000000 1.000000
28.571429 2542.857143 0.000000 0.000000 0.000000 1.000000
28.571429 2600.000000 0.000000 0.000000 0.000000 1.000000
28.571429 2714.285714 0.000000 0.000000 0.000000 1.000000
28.571429 2800.000000 0.000000 0.000000 0.000000 1.000000
28.571429 2600.000000 0.000000 0.000000 0.000000 0.000000
28.571429 142.857143 0.000000 0.000000 0.000000 1.000000
28.571429 228.571429 0.000000 0.000000 0.000000 1.000000
28.571429 314.285714 0.000000 0.000000 0.000000 1.000000
28.571429 400.000000 0.000000 0.000000 0.000000 1.000000
28.571429 485.714286 0.000000 0.000000 0.000000 1.000000
28.571429 571.428571 0.000000 0.000000 0.000000 1.000000
28.571429 657.142857 0.000000 0.000000 0.000000 1.000000
28.571429 742.857143 0.000000 0.000000 0.000000 1.000000
28.571429 828.571429 0.000000 0.000000 0.000000 1.000000
28.571429 914.285714 0.000000 0.000000 0.000000 1.000000
28.571429 1000.000000 0.000000 0.000000 0.000000 1.000000
28.571429 1085.714286 0.000000 0.000000 0.000000 1.000000
28.571429 1171.428571 0.000000 0.000000 0.000000 1.000000
28.571429 1257.142857 0.000000 0.000000 0.000000 1.000000
28.571429 1342.857143 0.000000 0.000000 0.000000 1.000000
28.571429 1428.571429 0.000000 0.000000 0.000000 1.000000
28.571429 1514.285714 0.000000 0.000000 0.000000 1.000000
28.571429 1600.000000 0.000000 0.000000 0.000000 1.000000
28.571429 1685.714286 0.000000 0.000000 0.000000 1.000000
28.571429 1771.428571 0.000000 0.000000 0.000000 1.000000
28.571429 1857.142857 0.000000 0.000000 0.000000 1.000000
28.571429 1942.857143 0.000000 0.000000 0.000000 1.000000
28.571429 2028.571429 0.000000 0.000000 0.000000 1.000000
28.571429 2114.285714 0.000000 0.000000 0.000000 1.000000
28.571429 2171.428571 0.000000 0.000000 0.000000 1.000000
28.571429 2285.714286 0.000000 0.000000 0.000000 1.000000
28.571429 2371.428571 0.000000 0.000000 0.000000 1.000000
28.571429 2457.142857 0.000000 0.000000 0.000000 1.000000
28.571429 2542.857143 0.000000 0.000000 0.000000 1.000000
28.571429 2600.000000 0.000000 0.000000 0.000000 1.000000
28.571429 2714.285714 0.000000 0.000000 0.000000 1.000000
28.571429 2800.000000 0.000000 0.000000 0.000000 1.000000
28.571429 2714.285714 0.000000 0.000000 0.000000 0.000000
28.571429 142.857143 0.000000 0.000000 0.000000 1.000000
28.571429 228.571429 0.000000 0.000000 0.000000 1.000000
28.571429 314.285714 0.000000 0.000000 0.000000 1.000000
28.571429 400.000000 0.000000 0.000000 0.000000 1.000000
28.571429 485.714286 0.000000 0.000000 0.000000 1.000000
28.571429 571.428571 0.000000 0.000000 0.000000 1.000000
28.571429 657.142857 0.000000 0.000000 0.000000 1.000000
28.571429 742.857143 0.000000 0.000000 0.000000 1.000000
28.571429 828.571429 0.000000 0.000000 0.000000 1.000000
28.571429 914.285714 0.000000 0.000000 0.000000 1.000000
28.571429 1000.000000 0.000000 0.000000 0.000000 1.000000
28.571429 1085.714286 0.000000 0.000000 0.000000 1.000000
28.571429 1171.428571 0.000000 0.000000 0.000000 1.000000
28.571429 1257.142857 0.000000 0.000000 0.000000 1.000000
28.571429 1342.857143 0.000000 0.000000 0.000000 1.000000
28.571429 1428.571429 0.000000 0.000000 0.000000 1.000000
28.571429 1514.285714 0.000000 0.000000 0.000000 1.000000
28.571429 1600.000000 0.000000 0.000000 0.000000 1.000000
28.571429 1685.714286 0.000000 0.000000 0.000000 1.000000
28.571429 1771.428571 0.000000 0.000000 0.000000 1.000000
28.571429 1857.142857 0.000000 0.000000 0.000000 1.000000
28.571429 1942.857143 0.000000 0.000000 0.000000 1.000000
28.571429 2028.571429 0.000000 0.000000 0.000000 1.000000
28.571429 2114.285714 0.000000 0.000000 0.000000 1.000000
28.571429 2171.428571 0.000000 0.000000 0.000000 1.000000
28.571429 2285.714286 0.000000 0.000000 0.000000 1.000000
28.571429 2371.428571 0.000000 0.000000 0.000000 1.000000
28.571429 2457.142857 0.000000 0.000000 0.000000 1.000000
28.571429 2542.857143 0.000000 0.000000 0.000000 1.000000
28.571429 2600.000000 0.000000 0.000000 0.000000 1.000000
28.571429 2714.285714 0.000000 0.000000 0.000000 1.000000
28.571429 2800.000000 0.000000 0.000000 0.000000 1.000000
28.571429 2800.000000 0.000000 0.000000 0.000000 0.000000
28.571429 142.857143 0.000000 0.000000 0.000000 1.000000
28.571429 228.571429 0.000000 0.000000 0.000000 1.000000
28.571429 314.285714 0.000000 0.000000 0.000000 1.000000
28.571429 400.000000 0.000000 0.000000 0.000000 1.000000
28.571429 485.714286 0.000000 0.000000 0.000000 1.000000
28.571429 571.428571 0.000000 0.000000 0.000000 1.000000
28.571429 657.142857 0.000000 0.000000 0.000000 1.000000
28.571429 742.857143 0.000000 0.000000 0.000000 1.000000
28.571429 828.571429 0.000000 0.000000 0.000000 1.000000
28.571429 914.285714 0.000000 0.000000 0.000000 1.000000
28.571429 1000.000000 0.000000 0.000000 0.000000 1.000000
28.571429 1085.714286 0.000000 0.000000 0.000000 1.000000
28.571429 1171.428571 0.000000 0.000000 0.000000 1.000000
28.571429 1257.142857 0.000000 0.000000 0.000000 1.000000
28.571429 1342.857143 0.000000 0.000000 0.000000 1.000000
28.571429 1428.571429 0.000000 0.000000 0.000000 1.000000
28.571429 1514.285714 0.000000 0.000000 0.000000 1.000000
28.571429 1600.000000 0.000000 0.000000 0.000000 1.000000
28.571429 1685.714286 0.000000 0.000000 0.000000 1.000000
28.571429 1771.428571 0.000000 0.000000 0.000000 1.000000
28.571429 1857.142857 0.000000 0.000000 0.000000 1.000000
28.571429 1942.857143 0.000000 0.000000 0.000000 1.000000
28.571429 2028.571429 0.000000 0.000000 0.000000 1.000000
28.571429 2114.285714 0.000000 0.000000 0.000000 1.000000
28.571429 2171.428571 0.000000 0.000000 0.000000 1.000000
28.571429 2285.714286 0.000000 0.000000 0.000000 1.000000
28.571429 2371.428571 0.000000 0.000000 0.000000 1.000000
28.571429 2457.142857 0.000000 0.000000 0.000000 1.000000
28.571429 2542.857143 0.000000 0.000000 0.000000 1.000000
28.571429 2600.000000 0.000000 0.000000 0.000000 1.000000
28.571429 2714.285714 0.000000 0.000000 0.000000 1.000000
28.571429 2800.000000 0.000000 0.000000 0.000000 1.000000
