  5.4158280E+07
  4.0763257E+10
  9.5528458E+09
  2.1157352E+09
  4.1776445E+08
  6.9872952E+07
  2.0610582E+07
  2.0315074E+07
  1.7825392E+07
  1.1887194E+07
   7962592.    
   5505816.    
   3953853.    
   2928484.    
   2220565.    
   1708480.    
   1327936.    
   1034868.    
   926739.2    
   836237.5    
   726770.2    
   618964.3    
   528543.7    
   458195.9    
   423780.6    
   394137.6    
   364484.6    
   343488.8    
   325404.9    
   304564.5    
   294217.9    
   284158.0    
   273735.0    
   264329.7    
   255699.8    
   247364.4    
   238304.3    
