0.000286 0.001143 0.000000 0.000000 0.000000 0.000000
0.000286 0.001143 0.000000 0.000000 0.000000 1.000000
0.000286 0.002000 0.000000 0.000000 0.000000 1.000000
0.000286 0.002857 0.000000 0.000000 0.000000 1.000000
0.000286 0.003714 0.000000 0.000000 0.000000 1.000000
0.000286 0.004571 0.000000 0.000000 0.000000 1.000000
0.000286 0.005429 0.000000 0.000000 0.000000 1.000000
0.000286 0.006286 0.000000 0.000000 0.000000 1.000000
0.000286 0.007143 0.000000 0.000000 0.000000 1.000000
0.000286 0.008000 0.000000 0.000000 0.000000 1.000000
0.000286 0.008857 0.000000 0.000000 0.000000 1.000000
0.000286 0.009714 0.000000 0.000000 0.000000 1.000000
0.000286 0.010571 0.000000 0.000000 0.000000 1.000000
0.000286 0.011429 0.000000 0.000000 0.000000 1.000000
0.000286 0.012286 0.000000 0.000000 0.000000 1.000000
0.000286 0.013143 0.000000 0.000000 0.000000 1.000000
0.000286 0.014000 0.000000 0.000000 0.000000 1.000000
0.000286 0.014857 0.000000 0.000000 0.000000 1.000000
0.000286 0.015714 0.000000 0.000000 0.000000 1.000000
0.000286 0.016571 0.000000 0.000000 0.000000 1.000000
0.000286 0.017429 0.000000 0.000000 0.000000 1.000000
0.000286 0.018286 0.000000 0.000000 0.000000 1.000000
0.000286 0.019143 0.000000 0.000000 0.000000 1.000000
0.000286 0.020000 0.000000 0.000000 0.000000 1.000000
0.000286 0.020857 0.000000 0.000000 0.000000 1.000000
0.000286 0.021714 0.000000 0.000000 0.000000 1.000000
0.000286 0.022571 0.000000 0.000000 0.000000 1.000000
0.000286 0.023429 0.000000 0.000000 0.000000 1.000000
0.000286 0.024286 0.000000 0.000000 0.000000 1.000000
0.000286 0.025143 0.000000 0.000000 0.000000 1.000000
0.000286 0.026000 0.000000 0.000000 0.000000 1.000000
0.000286 0.026857 0.000000 0.000000 0.000000 1.000000
0.000286 0.027714 0.000000 0.000000 0.000000 1.000000
0.000286 0.002000 0.000000 0.000000 0.000000 0.000000
0.000286 0.001143 0.000000 0.000000 0.000000 1.000000
0.000286 0.002000 0.000000 0.000000 0.000000 1.000000
0.000286 0.002857 0.000000 0.000000 0.000000 1.000000
0.000286 0.003714 0.000000 0.000000 0.000000 1.000000
0.000286 0.004571 0.000000 0.000000 0.000000 1.000000
0.000286 0.005429 0.000000 0.000000 0.000000 1.000000
0.000286 0.006286 0.000000 0.000000 0.000000 1.000000
0.000286 0.007143 0.000000 0.000000 0.000000 1.000000
0.000286 0.008000 0.000000 0.000000 0.000000 1.000000
0.000286 0.008857 0.000000 0.000000 0.000000 1.000000
0.000286 0.009714 0.000000 0.000000 0.000000 1.000000
0.000286 0.010571 0.000000 0.000000 0.000000 1.000000
0.000286 0.011429 0.000000 0.000000 0.000000 1.000000
0.000286 0.012286 0.000000 0.000000 0.000000 1.000000
0.000286 0.013143 0.000000 0.000000 0.000000 1.000000
0.000286 0.014000 0.000000 0.000000 0.000000 1.000000
0.000286 0.014857 0.000000 0.000000 0.000000 1.000000
0.000286 0.015714 0.000000 0.000000 0.000000 1.000000
0.000286 0.016571 0.000000 0.000000 0.000000 1.000000
0.000286 0.017429 0.000000 0.000000 0.000000 1.000000
0.000286 0.018286 0.000000 0.000000 0.000000 1.000000
0.000286 0.019143 0.000000 0.000000 0.000000 1.000000
0.000286 0.020000 0.000000 0.000000 0.000000 1.000000
0.000286 0.020857 0.000000 0.000000 0.000000 1.000000
0.000286 0.021714 0.000000 0.000000 0.000000 1.000000
0.000286 0.022571 0.000000 0.000000 0.000000 1.000000
0.000286 0.023429 0.000000 0.000000 0.000000 1.000000
0.000286 0.024286 0.000000 0.000000 0.000000 1.000000
0.000286 0.025143 0.000000 0.000000 0.000000 1.000000
0.000286 0.026000 0.000000 0.000000 0.000000 1.000000
0.000286 0.026857 0.000000 0.000000 0.000000 1.000000
0.000286 0.027714 0.000000 0.000000 0.000000 1.000000
0.000286 0.002857 0.000000 0.000000 0.000000 0.000000
0.000286 0.001143 0.000000 0.000000 0.000000 1.000000
0.000286 0.002000 0.000000 0.000000 0.000000 1.000000
0.000286 0.002857 0.000000 0.000000 0.000000 1.000000
0.000286 0.003714 0.000000 0.000000 0.000000 1.000000
0.000286 0.004571 0.000000 0.000000 0.000000 1.000000
0.000286 0.005429 0.000000 0.000000 0.000000 1.000000
0.000286 0.006286 0.000000 0.000000 0.000000 1.000000
0.000286 0.007143 0.000000 0.000000 0.000000 1.000000
0.000286 0.008000 0.000000 0.000000 0.000000 1.000000
0.000286 0.008857 0.000000 0.000000 0.000000 1.000000
0.000286 0.009714 0.000000 0.000000 0.000000 1.000000
0.000286 0.010571 0.000000 0.000000 0.000000 1.000000
0.000286 0.011429 0.000000 0.000000 0.000000 1.000000
0.000286 0.012286 0.000000 0.000000 0.000000 1.000000
0.000286 0.013143 0.000000 0.000000 0.000000 1.000000
0.000286 0.014000 0.000000 0.000000 0.000000 1.000000
0.000286 0.014857 0.000000 0.000000 0.000000 1.000000
0.000286 0.015714 0.000000 0.000000 0.000000 1.000000
0.000286 0.016571 0.000000 0.000000 0.000000 1.000000
0.000286 0.017429 0.000000 0.000000 0.000000 1.000000
0.000286 0.018286 0.000000 0.000000 0.000000 1.000000
0.000286 0.019143 0.000000 0.000000 0.000000 1.000000
0.000286 0.020000 0.000000 0.000000 0.000000 1.000000
0.000286 0.020857 0.000000 0.000000 0.000000 1.000000
0.000286 0.021714 0.000000 0.000000 0.000000 1.000000
0.000286 0.022571 0.000000 0.000000 0.000000 1.000000
0.000286 0.023429 0.000000 0.000000 0.000000 1.000000
0.000286 0.024286 0.000000 0.000000 0.000000 1.000000
0.000286 0.025143 0.000000 0.000000 0.000000 1.000000
0.000286 0.026000 0.000000 0.000000 0.000000 1.000000
0.000286 0.026857 0.000000 0.000000 0.000000 1.000000
0.000286 0.027714 0.000000 0.000000 0.000000 1.000000
0.000286 0.003714 0.000000 0.000000 0.000000 0.000000
0.000286 0.001143 0.000000 0.000000 0.000000 1.000000
0.000286 0.002000 0.000000 0.000000 0.000000 1.000000
0.000286 0.002857 0.000000 0.000000 0.000000 1.000000
0.000286 0.003714 0.000000 0.000000 0.000000 1.000000
0.000286 0.004571 0.000000 0.000000 0.000000 1.000000
0.000286 0.005429 0.000000 0.000000 0.000000 1.000000
0.000286 0.006286 0.000000 0.000000 0.000000 1.000000
0.000286 0.007143 0.000000 0.000000 0.000000 1.000000
0.000286 0.008000 0.000000 0.000000 0.000000 1.000000
0.000286 0.008857 0.000000 0.000000 0.000000 1.000000
0.000286 0.009714 0.000000 0.000000 0.000000 1.000000
0.000286 0.010571 0.000000 0.000000 0.000000 1.000000
0.000286 0.011429 0.000000 0.000000 0.000000 1.000000
0.000286 0.012286 0.000000 0.000000 0.000000 1.000000
0.000286 0.013143 0.000000 0.000000 0.000000 1.000000
0.000286 0.014000 0.000000 0.000000 0.000000 1.000000
0.000286 0.014857 0.000000 0.000000 0.000000 1.000000
0.000286 0.015714 0.000000 0.000000 0.000000 1.000000
0.000286 0.016571 0.000000 0.000000 0.000000 1.000000
0.000286 0.017429 0.000000 0.000000 0.000000 1.000000
0.000286 0.018286 0.000000 0.000000 0.000000 1.000000
0.000286 0.019143 0.000000 0.000000 0.000000 1.000000
0.000286 0.020000 0.000000 0.000000 0.000000 1.000000
0.000286 0.020857 0.000000 0.000000 0.000000 1.000000
0.000286 0.021714 0.000000 0.000000 0.000000 1.000000
0.000286 0.022571 0.000000 0.000000 0.000000 1.000000
0.000286 0.023429 0.000000 0.000000 0.000000 1.000000
0.000286 0.024286 0.000000 0.000000 0.000000 1.000000
0.000286 0.025143 0.000000 0.000000 0.000000 1.000000
0.000286 0.026000 0.000000 0.000000 0.000000 1.000000
0.000286 0.026857 0.000000 0.000000 0.000000 1.000000
0.000286 0.027714 0.000000 0.000000 0.000000 1.000000
0.000286 0.004571 0.000000 0.000000 0.000000 0.000000
0.000286 0.001143 0.000000 0.000000 0.000000 1.000000
0.000286 0.002000 0.000000 0.000000 0.000000 1.000000
0.000286 0.002857 0.000000 0.000000 0.000000 1.000000
0.000286 0.003714 0.000000 0.000000 0.000000 1.000000
0.000286 0.004571 0.000000 0.000000 0.000000 1.000000
0.000286 0.005429 0.000000 0.000000 0.000000 1.000000
0.000286 0.006286 0.000000 0.000000 0.000000 1.000000
0.000286 0.007143 0.000000 0.000000 0.000000 1.000000
0.000286 0.008000 0.000000 0.000000 0.000000 1.000000
0.000286 0.008857 0.000000 0.000000 0.000000 1.000000
0.000286 0.009714 0.000000 0.000000 0.000000 1.000000
0.000286 0.010571 0.000000 0.000000 0.000000 1.000000
0.000286 0.011429 0.000000 0.000000 0.000000 1.000000
0.000286 0.012286 0.000000 0.000000 0.000000 1.000000
0.000286 0.013143 0.000000 0.000000 0.000000 1.000000
0.000286 0.014000 0.000000 0.000000 0.000000 1.000000
0.000286 0.014857 0.000000 0.000000 0.000000 1.000000
0.000286 0.015714 0.000000 0.000000 0.000000 1.000000
0.000286 0.016571 0.000000 0.000000 0.000000 1.000000
0.000286 0.017429 0.000000 0.000000 0.000000 1.000000
0.000286 0.018286 0.000000 0.000000 0.000000 1.000000
0.000286 0.019143 0.000000 0.000000 0.000000 1.000000
0.000286 0.020000 0.000000 0.000000 0.000000 1.000000
0.000286 0.020857 0.000000 0.000000 0.000000 1.000000
0.000286 0.021714 0.000000 0.000000 0.000000 1.000000
0.000286 0.022571 0.000000 0.000000 0.000000 1.000000
0.000286 0.023429 0.000000 0.000000 0.000000 1.000000
0.000286 0.024286 0.000000 0.000000 0.000000 1.000000
0.000286 0.025143 0.000000 0.000000 0.000000 1.000000
0.000286 0.026000 0.000000 0.000000 0.000000 1.000000
0.000286 0.026857 0.000000 0.000000 0.000000 1.000000
0.000286 0.027714 0.000000 0.000000 0.000000 1.000000
0.000286 0.005429 0.000000 0.000000 0.000000 0.000000
0.000286 0.001143 0.000000 0.000000 0.000000 1.000000
0.000286 0.002000 0.000000 0.000000 0.000000 1.000000
0.000286 0.002857 0.000000 0.000000 0.000000 1.000000
0.000286 0.003714 0.000000 0.000000 0.000000 1.000000
0.000286 0.004571 0.000000 0.000000 0.000000 1.000000
0.000286 0.005429 0.000000 0.000000 0.000000 1.000000
0.000286 0.006286 0.000000 0.000000 0.000000 1.000000
0.000286 0.007143 0.000000 0.000000 0.000000 1.000000
0.000286 0.008000 0.000000 0.000000 0.000000 1.000000
0.000286 0.008857 0.000000 0.000000 0.000000 1.000000
0.000286 0.009714 0.000000 0.000000 0.000000 1.000000
0.000286 0.010571 0.000000 0.000000 0.000000 1.000000
0.000286 0.011429 0.000000 0.000000 0.000000 1.000000
0.000286 0.012286 0.000000 0.000000 0.000000 1.000000
0.000286 0.013143 0.000000 0.000000 0.000000 1.000000
0.000286 0.014000 0.000000 0.000000 0.000000 1.000000
0.000286 0.014857 0.000000 0.000000 0.000000 1.000000
0.000286 0.015714 0.000000 0.000000 0.000000 1.000000
0.000286 0.016571 0.000000 0.000000 0.000000 1.000000
0.000286 0.017429 0.000000 0.000000 0.000000 1.000000
0.000286 0.018286 0.000000 0.000000 0.000000 1.000000
0.000286 0.019143 0.000000 0.000000 0.000000 1.000000
0.000286 0.020000 0.000000 0.000000 0.000000 1.000000
0.000286 0.020857 0.000000 0.000000 0.000000 1.000000
0.000286 0.021714 0.000000 0.000000 0.000000 1.000000
0.000286 0.022571 0.000000 0.000000 0.000000 1.000000
0.000286 0.023429 0.000000 0.000000 0.000000 1.000000
0.000286 0.024286 0.000000 0.000000 0.000000 1.000000
0.000286 0.025143 0.000000 0.000000 0.000000 1.000000
0.000286 0.026000 0.000000 0.000000 0.000000 1.000000
0.000286 0.026857 0.000000 0.000000 0.000000 1.000000
0.000286 0.027714 0.000000 0.000000 0.000000 1.000000
0.000286 0.006286 0.000000 0.000000 0.000000 0.000000
0.000286 0.001143 0.000000 0.000000 0.000000 1.000000
0.000286 0.002000 0.000000 0.000000 0.000000 1.000000
0.000286 0.002857 0.000000 0.000000 0.000000 1.000000
0.000286 0.003714 0.000000 0.000000 0.000000 1.000000
0.000286 0.004571 0.000000 0.000000 0.000000 1.000000
0.000286 0.005429 0.000000 0.000000 0.000000 1.000000
0.000286 0.006286 0.000000 0.000000 0.000000 1.000000
0.000286 0.007143 0.000000 0.000000 0.000000 1.000000
0.000286 0.008000 0.000000 0.000000 0.000000 1.000000
0.000286 0.008857 0.000000 0.000000 0.000000 1.000000
0.000286 0.009714 0.000000 0.000000 0.000000 1.000000
0.000286 0.010571 0.000000 0.000000 0.000000 1.000000
0.000286 0.011429 0.000000 0.000000 0.000000 1.000000
0.000286 0.012286 0.000000 0.000000 0.000000 1.000000
0.000286 0.013143 0.000000 0.000000 0.000000 1.000000
0.000286 0.014000 0.000000 0.000000 0.000000 1.000000
0.000286 0.014857 0.000000 0.000000 0.000000 1.000000
0.000286 0.015714 0.000000 0.000000 0.000000 1.000000
0.000286 0.016571 0.000000 0.000000 0.000000 1.000000
0.000286 0.017429 0.000000 0.000000 0.000000 1.000000
0.000286 0.018286 0.000000 0.000000 0.000000 1.000000
0.000286 0.019143 0.000000 0.000000 0.000000 1.000000
0.000286 0.020000 0.000000 0.000000 0.000000 1.000000
0.000286 0.020857 0.000000 0.000000 0.000000 1.000000
0.000286 0.021714 0.000000 0.000000 0.000000 1.000000
0.000286 0.022571 0.000000 0.000000 0.000000 1.000000
0.000286 0.023429 0.000000 0.000000 0.000000 1.000000
0.000286 0.024286 0.000000 0.000000 0.000000 1.000000
0.000286 0.025143 0.000000 0.000000 0.000000 1.000000
0.000286 0.026000 0.000000 0.000000 0.000000 1.000000
0.000286 0.026857 0.000000 0.000000 0.000000 1.000000
0.000286 0.027714 0.000000 0.000000 0.000000 1.000000
0.000286 0.007143 0.000000 0.000000 0.000000 0.000000
0.000286 0.001143 0.000000 0.000000 0.000000 1.000000
0.000286 0.002000 0.000000 0.000000 0.000000 1.000000
0.000286 0.002857 0.000000 0.000000 0.000000 1.000000
0.000286 0.003714 0.000000 0.000000 0.000000 1.000000
0.000286 0.004571 0.000000 0.000000 0.000000 1.000000
0.000286 0.005429 0.000000 0.000000 0.000000 1.000000
0.000286 0.006286 0.000000 0.000000 0.000000 1.000000
0.000286 0.007143 0.000000 0.000000 0.000000 1.000000
0.000286 0.008000 0.000000 0.000000 0.000000 1.000000
0.000286 0.008857 0.000000 0.000000 0.000000 1.000000
0.000286 0.009714 0.000000 0.000000 0.000000 1.000000
0.000286 0.010571 0.000000 0.000000 0.000000 1.000000
0.000286 0.011429 0.000000 0.000000 0.000000 1.000000
0.000286 0.012286 0.000000 0.000000 0.000000 1.000000
0.000286 0.013143 0.000000 0.000000 0.000000 1.000000
0.000286 0.014000 0.000000 0.000000 0.000000 1.000000
0.000286 0.014857 0.000000 0.000000 0.000000 1.000000
0.000286 0.015714 0.000000 0.000000 0.000000 1.000000
0.000286 0.016571 0.000000 0.000000 0.000000 1.000000
0.000286 0.017429 0.000000 0.000000 0.000000 1.000000
0.000286 0.018286 0.000000 0.000000 0.000000 1.000000
0.000286 0.019143 0.000000 0.000000 0.000000 1.000000
0.000286 0.020000 0.000000 0.000000 0.000000 1.000000
0.000286 0.020857 0.000000 0.000000 0.000000 1.000000
0.000286 0.021714 0.000000 0.000000 0.000000 1.000000
0.000286 0.022571 0.000000 0.000000 0.000000 1.000000
0.000286 0.023429 0.000000 0.000000 0.000000 1.000000
0.000286 0.024286 0.000000 0.000000 0.000000 1.000000
0.000286 0.025143 0.000000 0.000000 0.000000 1.000000
0.000286 0.026000 0.000000 0.000000 0.000000 1.000000
0.000286 0.026857 0.000000 0.000000 0.000000 1.000000
0.000286 0.027714 0.000000 0.000000 0.000000 1.000000
0.000286 0.008000 0.000000 0.000000 0.000000 0.000000
0.000286 0.001143 0.000000 0.000000 0.000000 1.000000
0.000286 0.002000 0.000000 0.000000 0.000000 1.000000
0.000286 0.002857 0.000000 0.000000 0.000000 1.000000
0.000286 0.003714 0.000000 0.000000 0.000000 1.000000
0.000286 0.004571 0.000000 0.000000 0.000000 1.000000
0.000286 0.005429 0.000000 0.000000 0.000000 1.000000
0.000286 0.006286 0.000000 0.000000 0.000000 1.000000
0.000286 0.007143 0.000000 0.000000 0.000000 1.000000
0.000286 0.008000 0.000000 0.000000 0.000000 1.000000
0.000286 0.008857 0.000000 0.000000 0.000000 1.000000
0.000286 0.009714 0.000000 0.000000 0.000000 1.000000
0.000286 0.010571 0.000000 0.000000 0.000000 1.000000
0.000286 0.011429 0.000000 0.000000 0.000000 1.000000
0.000286 0.012286 0.000000 0.000000 0.000000 1.000000
0.000286 0.013143 0.000000 0.000000 0.000000 1.000000
0.000286 0.014000 0.000000 0.000000 0.000000 1.000000
0.000286 0.014857 0.000000 0.000000 0.000000 1.000000
0.000286 0.015714 0.000000 0.000000 0.000000 1.000000
0.000286 0.016571 0.000000 0.000000 0.000000 1.000000
0.000286 0.017429 0.000000 0.000000 0.000000 1.000000
0.000286 0.018286 0.000000 0.000000 0.000000 1.000000
0.000286 0.019143 0.000000 0.000000 0.000000 1.000000
0.000286 0.020000 0.000000 0.000000 0.000000 1.000000
0.000286 0.020857 0.000000 0.000000 0.000000 1.000000
0.000286 0.021714 0.000000 0.000000 0.000000 1.000000
0.000286 0.022571 0.000000 0.000000 0.000000 1.000000
0.000286 0.023429 0.000000 0.000000 0.000000 1.000000
0.000286 0.024286 0.000000 0.000000 0.000000 1.000000
0.000286 0.025143 0.000000 0.000000 0.000000 1.000000
0.000286 0.026000 0.000000 0.000000 0.000000 1.000000
0.000286 0.026857 0.000000 0.000000 0.000000 1.000000
0.000286 0.027714 0.000000 0.000000 0.000000 1.000000
0.000286 0.008857 0.000000 0.000000 0.000000 0.000000
0.000286 0.001143 0.000000 0.000000 0.000000 1.000000
0.000286 0.002000 0.000000 0.000000 0.000000 1.000000
0.000286 0.002857 0.000000 0.000000 0.000000 1.000000
0.000286 0.003714 0.000000 0.000000 0.000000 1.000000
0.000286 0.004571 0.000000 0.000000 0.000000 1.000000
0.000286 0.005429 0.000000 0.000000 0.000000 1.000000
0.000286 0.006286 0.000000 0.000000 0.000000 1.000000
0.000286 0.007143 0.000000 0.000000 0.000000 1.000000
0.000286 0.008000 0.000000 0.000000 0.000000 1.000000
0.000286 0.008857 0.000000 0.000000 0.000000 1.000000
0.000286 0.009714 0.000000 0.000000 0.000000 1.000000
0.000286 0.010571 0.000000 0.000000 0.000000 1.000000
0.000286 0.011429 0.000000 0.000000 0.000000 1.000000
0.000286 0.012286 0.000000 0.000000 0.000000 1.000000
0.000286 0.013143 0.000000 0.000000 0.000000 1.000000
0.000286 0.014000 0.000000 0.000000 0.000000 1.000000
0.000286 0.014857 0.000000 0.000000 0.000000 1.000000
0.000286 0.015714 0.000000 0.000000 0.000000 1.000000
0.000286 0.016571 0.000000 0.000000 0.000000 1.000000
0.000286 0.017429 0.000000 0.000000 0.000000 1.000000
0.000286 0.018286 0.000000 0.000000 0.000000 1.000000
0.000286 0.019143 0.000000 0.000000 0.000000 1.000000
0.000286 0.020000 0.000000 0.000000 0.000000 1.000000
0.000286 0.020857 0.000000 0.000000 0.000000 1.000000
0.000286 0.021714 0.000000 0.000000 0.000000 1.000000
0.000286 0.022571 0.000000 0.000000 0.000000 1.000000
0.000286 0.023429 0.000000 0.000000 0.000000 1.000000
0.000286 0.024286 0.000000 0.000000 0.000000 1.000000
0.000286 0.025143 0.000000 0.000000 0.000000 1.000000
0.000286 0.026000 0.000000 0.000000 0.000000 1.000000
0.000286 0.026857 0.000000 0.000000 0.000000 1.000000
0.000286 0.027714 0.000000 0.000000 0.000000 1.000000
0.000286 0.009714 0.000000 0.000000 0.000000 0.000000
0.000286 0.001143 0.000000 0.000000 0.000000 1.000000
0.000286 0.002000 0.000000 0.000000 0.000000 1.000000
0.000286 0.002857 0.000000 0.000000 0.000000 1.000000
0.000286 0.003714 0.000000 0.000000 0.000000 1.000000
0.000286 0.004571 0.000000 0.000000 0.000000 1.000000
0.000286 0.005429 0.000000 0.000000 0.000000 1.000000
0.000286 0.006286 0.000000 0.000000 0.000000 1.000000
0.000286 0.007143 0.000000 0.000000 0.000000 1.000000
0.000286 0.008000 0.000000 0.000000 0.000000 1.000000
0.000286 0.008857 0.000000 0.000000 0.000000 1.000000
0.000286 0.009714 0.000000 0.000000 0.000000 1.000000
0.000286 0.010571 0.000000 0.000000 0.000000 1.000000
0.000286 0.011429 0.000000 0.000000 0.000000 1.000000
0.000286 0.012286 0.000000 0.000000 0.000000 1.000000
0.000286 0.013143 0.000000 0.000000 0.000000 1.000000
0.000286 0.014000 0.000000 0.000000 0.000000 1.000000
0.000286 0.014857 0.000000 0.000000 0.000000 1.000000
0.000286 0.015714 0.000000 0.000000 0.000000 1.000000
0.000286 0.016571 0.000000 0.000000 0.000000 1.000000
0.000286 0.017429 0.000000 0.000000 0.000000 1.000000
0.000286 0.018286 0.000000 0.000000 0.000000 1.000000
0.000286 0.019143 0.000000 0.000000 0.000000 1.000000
0.000286 0.020000 0.000000 0.000000 0.000000 1.000000
0.000286 0.020857 0.000000 0.000000 0.000000 1.000000
0.000286 0.021714 0.000000 0.000000 0.000000 1.000000
0.000286 0.022571 0.000000 0.000000 0.000000 1.000000
0.000286 0.023429 0.000000 0.000000 0.000000 1.000000
0.000286 0.024286 0.000000 0.000000 0.000000 1.000000
0.000286 0.025143 0.000000 0.000000 0.000000 1.000000
0.000286 0.026000 0.000000 0.000000 0.000000 1.000000
0.000286 0.026857 0.000000 0.000000 0.000000 1.000000
0.000286 0.027714 0.000000 0.000000 0.000000 1.000000
0.000286 0.010571 0.000000 0.000000 0.000000 0.000000
0.000286 0.001143 0.000000 0.000000 0.000000 1.000000
0.000286 0.002000 0.000000 0.000000 0.000000 1.000000
0.000286 0.002857 0.000000 0.000000 0.000000 1.000000
0.000286 0.003714 0.000000 0.000000 0.000000 1.000000
0.000286 0.004571 0.000000 0.000000 0.000000 1.000000
0.000286 0.005429 0.000000 0.000000 0.000000 1.000000
0.000286 0.006286 0.000000 0.000000 0.000000 1.000000
0.000286 0.007143 0.000000 0.000000 0.000000 1.000000
0.000286 0.008000 0.000000 0.000000 0.000000 1.000000
0.000286 0.008857 0.000000 0.000000 0.000000 1.000000
0.000286 0.009714 0.000000 0.000000 0.000000 1.000000
0.000286 0.010571 0.000000 0.000000 0.000000 1.000000
0.000286 0.011429 0.000000 0.000000 0.000000 1.000000
0.000286 0.012286 0.000000 0.000000 0.000000 1.000000
0.000286 0.013143 0.000000 0.000000 0.000000 1.000000
0.000286 0.014000 0.000000 0.000000 0.000000 1.000000
0.000286 0.014857 0.000000 0.000000 0.000000 1.000000
0.000286 0.015714 0.000000 0.000000 0.000000 1.000000
0.000286 0.016571 0.000000 0.000000 0.000000 1.000000
0.000286 0.017429 0.000000 0.000000 0.000000 1.000000
0.000286 0.018286 0.000000 0.000000 0.000000 1.000000
0.000286 0.019143 0.000000 0.000000 0.000000 1.000000
0.000286 0.020000 0.000000 0.000000 0.000000 1.000000
0.000286 0.020857 0.000000 0.000000 0.000000 1.000000
0.000286 0.021714 0.000000 0.000000 0.000000 1.000000
0.000286 0.022571 0.000000 0.000000 0.000000 1.000000
0.000286 0.023429 0.000000 0.000000 0.000000 1.000000
0.000286 0.024286 0.000000 0.000000 0.000000 1.000000
0.000286 0.025143 0.000000 0.000000 0.000000 1.000000
0.000286 0.026000 0.000000 0.000000 0.000000 1.000000
0.000286 0.026857 0.000000 0.000000 0.000000 1.000000
0.000286 0.027714 0.000000 0.000000 0.000000 1.000000
0.000286 0.011429 0.000000 0.000000 0.000000 0.000000
0.000286 0.001143 0.000000 0.000000 0.000000 1.000000
0.000286 0.002000 0.000000 0.000000 0.000000 1.000000
0.000286 0.002857 0.000000 0.000000 0.000000 1.000000
0.000286 0.003714 0.000000 0.000000 0.000000 1.000000
0.000286 0.004571 0.000000 0.000000 0.000000 1.000000
0.000286 0.005429 0.000000 0.000000 0.000000 1.000000
0.000286 0.006286 0.000000 0.000000 0.000000 1.000000
0.000286 0.007143 0.000000 0.000000 0.000000 1.000000
0.000286 0.008000 0.000000 0.000000 0.000000 1.000000
0.000286 0.008857 0.000000 0.000000 0.000000 1.000000
0.000286 0.009714 0.000000 0.000000 0.000000 1.000000
0.000286 0.010571 0.000000 0.000000 0.000000 1.000000
0.000286 0.011429 0.000000 0.000000 0.000000 1.000000
0.000286 0.012286 0.000000 0.000000 0.000000 1.000000
0.000286 0.013143 0.000000 0.000000 0.000000 1.000000
0.000286 0.014000 0.000000 0.000000 0.000000 1.000000
0.000286 0.014857 0.000000 0.000000 0.000000 1.000000
0.000286 0.015714 0.000000 0.000000 0.000000 1.000000
0.000286 0.016571 0.000000 0.000000 0.000000 1.000000
0.000286 0.017429 0.000000 0.000000 0.000000 1.000000
0.000286 0.018286 0.000000 0.000000 0.000000 1.000000
0.000286 0.019143 0.000000 0.000000 0.000000 1.000000
0.000286 0.020000 0.000000 0.000000 0.000000 1.000000
0.000286 0.020857 0.000000 0.000000 0.000000 1.000000
0.000286 0.021714 0.000000 0.000000 0.000000 1.000000
0.000286 0.022571 0.000000 0.000000 0.000000 1.000000
0.000286 0.023429 0.000000 0.000000 0.000000 1.000000
0.000286 0.024286 0.000000 0.000000 0.000000 1.000000
0.000286 0.025143 0.000000 0.000000 0.000000 1.000000
0.000286 0.026000 0.000000 0.000000 0.000000 1.000000
0.000286 0.026857 0.000000 0.000000 0.000000 1.000000
0.000286 0.027714 0.000000 0.000000 0.000000 1.000000
0.000286 0.012286 0.000000 0.000000 0.000000 0.000000
0.000286 0.001143 0.000000 0.000000 0.000000 1.000000
0.000286 0.002000 0.000000 0.000000 0.000000 1.000000
0.000286 0.002857 0.000000 0.000000 0.000000 1.000000
0.000286 0.003714 0.000000 0.000000 0.000000 1.000000
0.000286 0.004571 0.000000 0.000000 0.000000 1.000000
0.000286 0.005429 0.000000 0.000000 0.000000 1.000000
0.000286 0.006286 0.000000 0.000000 0.000000 1.000000
0.000286 0.007143 0.000000 0.000000 0.000000 1.000000
0.000286 0.008000 0.000000 0.000000 0.000000 1.000000
0.000286 0.008857 0.000000 0.000000 0.000000 1.000000
0.000286 0.009714 0.000000 0.000000 0.000000 1.000000
0.000286 0.010571 0.000000 0.000000 0.000000 1.000000
0.000286 0.011429 0.000000 0.000000 0.000000 1.000000
0.000286 0.012286 0.000000 0.000000 0.000000 1.000000
0.000286 0.013143 0.000000 0.000000 0.000000 1.000000
0.000286 0.014000 0.000000 0.000000 0.000000 1.000000
0.000286 0.014857 0.000000 0.000000 0.000000 1.000000
0.000286 0.015714 0.000000 0.000000 0.000000 1.000000
0.000286 0.016571 0.000000 0.000000 0.000000 1.000000
0.000286 0.017429 0.000000 0.000000 0.000000 1.000000
0.000286 0.018286 0.000000 0.000000 0.000000 1.000000
0.000286 0.019143 0.000000 0.000000 0.000000 1.000000
0.000286 0.020000 0.000000 0.000000 0.000000 1.000000
0.000286 0.020857 0.000000 0.000000 0.000000 1.000000
0.000286 0.021714 0.000000 0.000000 0.000000 1.000000
0.000286 0.022571 0.000000 0.000000 0.000000 1.000000
0.000286 0.023429 0.000000 0.000000 0.000000 1.000000
0.000286 0.024286 0.000000 0.000000 0.000000 1.000000
0.000286 0.025143 0.000000 0.000000 0.000000 1.000000
0.000286 0.026000 0.000000 0.000000 0.000000 1.000000
0.000286 0.026857 0.000000 0.000000 0.000000 1.000000
0.000286 0.027714 0.000000 0.000000 0.000000 1.000000
0.000286 0.013143 0.000000 0.000000 0.000000 0.000000
0.000286 0.001143 0.000000 0.000000 0.000000 1.000000
0.000286 0.002000 0.000000 0.000000 0.000000 1.000000
0.000286 0.002857 0.000000 0.000000 0.000000 1.000000
0.000286 0.003714 0.000000 0.000000 0.000000 1.000000
0.000286 0.004571 0.000000 0.000000 0.000000 1.000000
0.000286 0.005429 0.000000 0.000000 0.000000 1.000000
0.000286 0.006286 0.000000 0.000000 0.000000 1.000000
0.000286 0.007143 0.000000 0.000000 0.000000 1.000000
0.000286 0.008000 0.000000 0.000000 0.000000 1.000000
0.000286 0.008857 0.000000 0.000000 0.000000 1.000000
0.000286 0.009714 0.000000 0.000000 0.000000 1.000000
0.000286 0.010571 0.000000 0.000000 0.000000 1.000000
0.000286 0.011429 0.000000 0.000000 0.000000 1.000000
0.000286 0.012286 0.000000 0.000000 0.000000 1.000000
0.000286 0.013143 0.000000 0.000000 0.000000 1.000000
0.000286 0.014000 0.000000 0.000000 0.000000 1.000000
0.000286 0.014857 0.000000 0.000000 0.000000 1.000000
0.000286 0.015714 0.000000 0.000000 0.000000 1.000000
0.000286 0.016571 0.000000 0.000000 0.000000 1.000000
0.000286 0.017429 0.000000 0.000000 0.000000 1.000000
0.000286 0.018286 0.000000 0.000000 0.000000 1.000000
0.000286 0.019143 0.000000 0.000000 0.000000 1.000000
0.000286 0.020000 0.000000 0.000000 0.000000 1.000000
0.000286 0.020857 0.000000 0.000000 0.000000 1.000000
0.000286 0.021714 0.000000 0.000000 0.000000 1.000000
0.000286 0.022571 0.000000 0.000000 0.000000 1.000000
0.000286 0.023429 0.000000 0.000000 0.000000 1.000000
0.000286 0.024286 0.000000 0.000000 0.000000 1.000000
0.000286 0.025143 0.000000 0.000000 0.000000 1.000000
0.000286 0.026000 0.000000 0.000000 0.000000 1.000000
0.000286 0.026857 0.000000 0.000000 0.000000 1.000000
0.000286 0.027714 0.000000 0.000000 0.000000 1.000000
0.000286 0.014000 0.000000 0.000000 0.000000 0.000000
0.000286 0.001143 0.000000 0.000000 0.000000 1.000000
0.000286 0.002000 0.000000 0.000000 0.000000 1.000000
0.000286 0.002857 0.000000 0.000000 0.000000 1.000000
0.000286 0.003714 0.000000 0.000000 0.000000 1.000000
0.000286 0.004571 0.000000 0.000000 0.000000 1.000000
0.000286 0.005429 0.000000 0.000000 0.000000 1.000000
0.000286 0.006286 0.000000 0.000000 0.000000 1.000000
0.000286 0.007143 0.000000 0.000000 0.000000 1.000000
0.000286 0.008000 0.000000 0.000000 0.000000 1.000000
0.000286 0.008857 0.000000 0.000000 0.000000 1.000000
0.000286 0.009714 0.000000 0.000000 0.000000 1.000000
0.000286 0.010571 0.000000 0.000000 0.000000 1.000000
0.000286 0.011429 0.000000 0.000000 0.000000 1.000000
0.000286 0.012286 0.000000 0.000000 0.000000 1.000000
0.000286 0.013143 0.000000 0.000000 0.000000 1.000000
0.000286 0.014000 0.000000 0.000000 0.000000 1.000000
0.000286 0.014857 0.000000 0.000000 0.000000 1.000000
0.000286 0.015714 0.000000 0.000000 0.000000 1.000000
0.000286 0.016571 0.000000 0.000000 0.000000 1.000000
0.000286 0.017429 0.000000 0.000000 0.000000 1.000000
0.000286 0.018286 0.000000 0.000000 0.000000 1.000000
0.000286 0.019143 0.000000 0.000000 0.000000 1.000000
0.000286 0.020000 0.000000 0.000000 0.000000 1.000000
0.000286 0.020857 0.000000 0.000000 0.000000 1.000000
0.000286 0.021714 0.000000 0.000000 0.000000 1.000000
0.000286 0.022571 0.000000 0.000000 0.000000 1.000000
0.000286 0.023429 0.000000 0.000000 0.000000 1.000000
0.000286 0.024286 0.000000 0.000000 0.000000 1.000000
0.000286 0.025143 0.000000 0.000000 0.000000 1.000000
0.000286 0.026000 0.000000 0.000000 0.000000 1.000000
0.000286 0.026857 0.000000 0.000000 0.000000 1.000000
0.000286 0.027714 0.000000 0.000000 0.000000 1.000000
0.000286 0.014857 0.000000 0.000000 0.000000 0.000000
0.000286 0.001143 0.000000 0.000000 0.000000 1.000000
0.000286 0.002000 0.000000 0.000000 0.000000 1.000000
0.000286 0.002857 0.000000 0.000000 0.000000 1.000000
0.000286 0.003714 0.000000 0.000000 0.000000 1.000000
0.000286 0.004571 0.000000 0.000000 0.000000 1.000000
0.000286 0.005429 0.000000 0.000000 0.000000 1.000000
0.000286 0.006286 0.000000 0.000000 0.000000 1.000000
0.000286 0.007143 0.000000 0.000000 0.000000 1.000000
0.000286 0.008000 0.000000 0.000000 0.000000 1.000000
0.000286 0.008857 0.000000 0.000000 0.000000 1.000000
0.000286 0.009714 0.000000 0.000000 0.000000 1.000000
0.000286 0.010571 0.000000 0.000000 0.000000 1.000000
0.000286 0.011429 0.000000 0.000000 0.000000 1.000000
0.000286 0.012286 0.000000 0.000000 0.000000 1.000000
0.000286 0.013143 0.000000 0.000000 0.000000 1.000000
0.000286 0.014000 0.000000 0.000000 0.000000 1.000000
0.000286 0.014857 0.000000 0.000000 0.000000 1.000000
0.000286 0.015714 0.000000 0.000000 0.000000 1.000000
0.000286 0.016571 0.000000 0.000000 0.000000 1.000000
0.000286 0.017429 0.000000 0.000000 0.000000 1.000000
0.000286 0.018286 0.000000 0.000000 0.000000 1.000000
0.000286 0.019143 0.000000 0.000000 0.000000 1.000000
0.000286 0.020000 0.000000 0.000000 0.000000 1.000000
0.000286 0.020857 0.000000 0.000000 0.000000 1.000000
0.000286 0.021714 0.000000 0.000000 0.000000 1.000000
0.000286 0.022571 0.000000 0.000000 0.000000 1.000000
0.000286 0.023429 0.000000 0.000000 0.000000 1.000000
0.000286 0.024286 0.000000 0.000000 0.000000 1.000000
0.000286 0.025143 0.000000 0.000000 0.000000 1.000000
0.000286 0.026000 0.000000 0.000000 0.000000 1.000000
0.000286 0.026857 0.000000 0.000000 0.000000 1.000000
0.000286 0.027714 0.000000 0.000000 0.000000 1.000000
0.000286 0.015714 0.000000 0.000000 0.000000 0.000000
0.000286 0.001143 0.000000 0.000000 0.000000 1.000000
0.000286 0.002000 0.000000 0.000000 0.000000 1.000000
0.000286 0.002857 0.000000 0.000000 0.000000 1.000000
0.000286 0.003714 0.000000 0.000000 0.000000 1.000000
0.000286 0.004571 0.000000 0.000000 0.000000 1.000000
0.000286 0.005429 0.000000 0.000000 0.000000 1.000000
0.000286 0.006286 0.000000 0.000000 0.000000 1.000000
0.000286 0.007143 0.000000 0.000000 0.000000 1.000000
0.000286 0.008000 0.000000 0.000000 0.000000 1.000000
0.000286 0.008857 0.000000 0.000000 0.000000 1.000000
0.000286 0.009714 0.000000 0.000000 0.000000 1.000000
0.000286 0.010571 0.000000 0.000000 0.000000 1.000000
0.000286 0.011429 0.000000 0.000000 0.000000 1.000000
0.000286 0.012286 0.000000 0.000000 0.000000 1.000000
0.000286 0.013143 0.000000 0.000000 0.000000 1.000000
0.000286 0.014000 0.000000 0.000000 0.000000 1.000000
0.000286 0.014857 0.000000 0.000000 0.000000 1.000000
0.000286 0.015714 0.000000 0.000000 0.000000 1.000000
0.000286 0.016571 0.000000 0.000000 0.000000 1.000000
0.000286 0.017429 0.000000 0.000000 0.000000 1.000000
0.000286 0.018286 0.000000 0.000000 0.000000 1.000000
0.000286 0.019143 0.000000 0.000000 0.000000 1.000000
0.000286 0.020000 0.000000 0.000000 0.000000 1.000000
0.000286 0.020857 0.000000 0.000000 0.000000 1.000000
0.000286 0.021714 0.000000 0.000000 0.000000 1.000000
0.000286 0.022571 0.000000 0.000000 0.000000 1.000000
0.000286 0.023429 0.000000 0.000000 0.000000 1.000000
0.000286 0.024286 0.000000 0.000000 0.000000 1.000000
0.000286 0.025143 0.000000 0.000000 0.000000 1.000000
0.000286 0.026000 0.000000 0.000000 0.000000 1.000000
0.000286 0.026857 0.000000 0.000000 0.000000 1.000000
0.000286 0.027714 0.000000 0.000000 0.000000 1.000000
0.000286 0.016571 0.000000 0.000000 0.000000 0.000000
0.000286 0.001143 0.000000 0.000000 0.000000 1.000000
0.000286 0.002000 0.000000 0.000000 0.000000 1.000000
0.000286 0.002857 0.000000 0.000000 0.000000 1.000000
0.000286 0.003714 0.000000 0.000000 0.000000 1.000000
0.000286 0.004571 0.000000 0.000000 0.000000 1.000000
0.000286 0.005429 0.000000 0.000000 0.000000 1.000000
0.000286 0.006286 0.000000 0.000000 0.000000 1.000000
0.000286 0.007143 0.000000 0.000000 0.000000 1.000000
0.000286 0.008000 0.000000 0.000000 0.000000 1.000000
0.000286 0.008857 0.000000 0.000000 0.000000 1.000000
0.000286 0.009714 0.000000 0.000000 0.000000 1.000000
0.000286 0.010571 0.000000 0.000000 0.000000 1.000000
0.000286 0.011429 0.000000 0.000000 0.000000 1.000000
0.000286 0.012286 0.000000 0.000000 0.000000 1.000000
0.000286 0.013143 0.000000 0.000000 0.000000 1.000000
0.000286 0.014000 0.000000 0.000000 0.000000 1.000000
0.000286 0.014857 0.000000 0.000000 0.000000 1.000000
0.000286 0.015714 0.000000 0.000000 0.000000 1.000000
0.000286 0.016571 0.000000 0.000000 0.000000 1.000000
0.000286 0.017429 0.000000 0.000000 0.000000 1.000000
0.000286 0.018286 0.000000 0.000000 0.000000 1.000000
0.000286 0.019143 0.000000 0.000000 0.000000 1.000000
0.000286 0.020000 0.000000 0.000000 0.000000 1.000000
0.000286 0.020857 0.000000 0.000000 0.000000 1.000000
0.000286 0.021714 0.000000 0.000000 0.000000 1.000000
0.000286 0.022571 0.000000 0.000000 0.000000 1.000000
0.000286 0.023429 0.000000 0.000000 0.000000 1.000000
0.000286 0.024286 0.000000 0.000000 0.000000 1.000000
0.000286 0.025143 0.000000 0.000000 0.000000 1.000000
0.000286 0.026000 0.000000 0.000000 0.000000 1.000000
0.000286 0.026857 0.000000 0.000000 0.000000 1.000000
0.000286 0.027714 0.000000 0.000000 0.000000 1.000000
0.000286 0.017429 0.000000 0.000000 0.000000 0.000000
0.000286 0.001143 0.000000 0.000000 0.000000 1.000000
0.000286 0.002000 0.000000 0.000000 0.000000 1.000000
0.000286 0.002857 0.000000 0.000000 0.000000 1.000000
0.000286 0.003714 0.000000 0.000000 0.000000 1.000000
0.000286 0.004571 0.000000 0.000000 0.000000 1.000000
0.000286 0.005429 0.000000 0.000000 0.000000 1.000000
0.000286 0.006286 0.000000 0.000000 0.000000 1.000000
0.000286 0.007143 0.000000 0.000000 0.000000 1.000000
0.000286 0.008000 0.000000 0.000000 0.000000 1.000000
0.000286 0.008857 0.000000 0.000000 0.000000 1.000000
0.000286 0.009714 0.000000 0.000000 0.000000 1.000000
0.000286 0.010571 0.000000 0.000000 0.000000 1.000000
0.000286 0.011429 0.000000 0.000000 0.000000 1.000000
0.000286 0.012286 0.000000 0.000000 0.000000 1.000000
0.000286 0.013143 0.000000 0.000000 0.000000 1.000000
0.000286 0.014000 0.000000 0.000000 0.000000 1.000000
0.000286 0.014857 0.000000 0.000000 0.000000 1.000000
0.000286 0.015714 0.000000 0.000000 0.000000 1.000000
0.000286 0.016571 0.000000 0.000000 0.000000 1.000000
0.000286 0.017429 0.000000 0.000000 0.000000 1.000000
0.000286 0.018286 0.000000 0.000000 0.000000 1.000000
0.000286 0.019143 0.000000 0.000000 0.000000 1.000000
0.000286 0.020000 0.000000 0.000000 0.000000 1.000000
0.000286 0.020857 0.000000 0.000000 0.000000 1.000000
0.000286 0.021714 0.000000 0.000000 0.000000 1.000000
0.000286 0.022571 0.000000 0.000000 0.000000 1.000000
0.000286 0.023429 0.000000 0.000000 0.000000 1.000000
0.000286 0.024286 0.000000 0.000000 0.000000 1.000000
0.000286 0.025143 0.000000 0.000000 0.000000 1.000000
0.000286 0.026000 0.000000 0.000000 0.000000 1.000000
0.000286 0.026857 0.000000 0.000000 0.000000 1.000000
0.000286 0.027714 0.000000 0.000000 0.000000 1.000000
0.000286 0.018286 0.000000 0.000000 0.000000 0.000000
0.000286 0.001143 0.000000 0.000000 0.000000 1.000000
0.000286 0.002000 0.000000 0.000000 0.000000 1.000000
0.000286 0.002857 0.000000 0.000000 0.000000 1.000000
0.000286 0.003714 0.000000 0.000000 0.000000 1.000000
0.000286 0.004571 0.000000 0.000000 0.000000 1.000000
0.000286 0.005429 0.000000 0.000000 0.000000 1.000000
0.000286 0.006286 0.000000 0.000000 0.000000 1.000000
0.000286 0.007143 0.000000 0.000000 0.000000 1.000000
0.000286 0.008000 0.000000 0.000000 0.000000 1.000000
0.000286 0.008857 0.000000 0.000000 0.000000 1.000000
0.000286 0.009714 0.000000 0.000000 0.000000 1.000000
0.000286 0.010571 0.000000 0.000000 0.000000 1.000000
0.000286 0.011429 0.000000 0.000000 0.000000 1.000000
0.000286 0.012286 0.000000 0.000000 0.000000 1.000000
0.000286 0.013143 0.000000 0.000000 0.000000 1.000000
0.000286 0.014000 0.000000 0.000000 0.000000 1.000000
0.000286 0.014857 0.000000 0.000000 0.000000 1.000000
0.000286 0.015714 0.000000 0.000000 0.000000 1.000000
0.000286 0.016571 0.000000 0.000000 0.000000 1.000000
0.000286 0.017429 0.000000 0.000000 0.000000 1.000000
0.000286 0.018286 0.000000 0.000000 0.000000 1.000000
0.000286 0.019143 0.000000 0.000000 0.000000 1.000000
0.000286 0.020000 0.000000 0.000000 0.000000 1.000000
0.000286 0.020857 0.000000 0.000000 0.000000 1.000000
0.000286 0.021714 0.000000 0.000000 0.000000 1.000000
0.000286 0.022571 0.000000 0.000000 0.000000 1.000000
0.000286 0.023429 0.000000 0.000000 0.000000 1.000000
0.000286 0.024286 0.000000 0.000000 0.000000 1.000000
0.000286 0.025143 0.000000 0.000000 0.000000 1.000000
0.000286 0.026000 0.000000 0.000000 0.000000 1.000000
0.000286 0.026857 0.000000 0.000000 0.000000 1.000000
0.000286 0.027714 0.000000 0.000000 0.000000 1.000000
0.000286 0.019143 0.000000 0.000000 0.000000 0.000000
0.000286 0.001143 0.000000 0.000000 0.000000 1.000000
0.000286 0.002000 0.000000 0.000000 0.000000 1.000000
0.000286 0.002857 0.000000 0.000000 0.000000 1.000000
0.000286 0.003714 0.000000 0.000000 0.000000 1.000000
0.000286 0.004571 0.000000 0.000000 0.000000 1.000000
0.000286 0.005429 0.000000 0.000000 0.000000 1.000000
0.000286 0.006286 0.000000 0.000000 0.000000 1.000000
0.000286 0.007143 0.000000 0.000000 0.000000 1.000000
0.000286 0.008000 0.000000 0.000000 0.000000 1.000000
0.000286 0.008857 0.000000 0.000000 0.000000 1.000000
0.000286 0.009714 0.000000 0.000000 0.000000 1.000000
0.000286 0.010571 0.000000 0.000000 0.000000 1.000000
0.000286 0.011429 0.000000 0.000000 0.000000 1.000000
0.000286 0.012286 0.000000 0.000000 0.000000 1.000000
0.000286 0.013143 0.000000 0.000000 0.000000 1.000000
0.000286 0.014000 0.000000 0.000000 0.000000 1.000000
0.000286 0.014857 0.000000 0.000000 0.000000 1.000000
0.000286 0.015714 0.000000 0.000000 0.000000 1.000000
0.000286 0.016571 0.000000 0.000000 0.000000 1.000000
0.000286 0.017429 0.000000 0.000000 0.000000 1.000000
0.000286 0.018286 0.000000 0.000000 0.000000 1.000000
0.000286 0.019143 0.000000 0.000000 0.000000 1.000000
0.000286 0.020000 0.000000 0.000000 0.000000 1.000000
0.000286 0.020857 0.000000 0.000000 0.000000 1.000000
0.000286 0.021714 0.000000 0.000000 0.000000 1.000000
0.000286 0.022571 0.000000 0.000000 0.000000 1.000000
0.000286 0.023429 0.000000 0.000000 0.000000 1.000000
0.000286 0.024286 0.000000 0.000000 0.000000 1.000000
0.000286 0.025143 0.000000 0.000000 0.000000 1.000000
0.000286 0.026000 0.000000 0.000000 0.000000 1.000000
0.000286 0.026857 0.000000 0.000000 0.000000 1.000000
0.000286 0.027714 0.000000 0.000000 0.000000 1.000000
0.000286 0.020000 0.000000 0.000000 0.000000 0.000000
0.000286 0.001143 0.000000 0.000000 0.000000 1.000000
0.000286 0.002000 0.000000 0.000000 0.000000 1.000000
0.000286 0.002857 0.000000 0.000000 0.000000 1.000000
0.000286 0.003714 0.000000 0.000000 0.000000 1.000000
0.000286 0.004571 0.000000 0.000000 0.000000 1.000000
0.000286 0.005429 0.000000 0.000000 0.000000 1.000000
0.000286 0.006286 0.000000 0.000000 0.000000 1.000000
0.000286 0.007143 0.000000 0.000000 0.000000 1.000000
0.000286 0.008000 0.000000 0.000000 0.000000 1.000000
0.000286 0.008857 0.000000 0.000000 0.000000 1.000000
0.000286 0.009714 0.000000 0.000000 0.000000 1.000000
0.000286 0.010571 0.000000 0.000000 0.000000 1.000000
0.000286 0.011429 0.000000 0.000000 0.000000 1.000000
0.000286 0.012286 0.000000 0.000000 0.000000 1.000000
0.000286 0.013143 0.000000 0.000000 0.000000 1.000000
0.000286 0.014000 0.000000 0.000000 0.000000 1.000000
0.000286 0.014857 0.000000 0.000000 0.000000 1.000000
0.000286 0.015714 0.000000 0.000000 0.000000 1.000000
0.000286 0.016571 0.000000 0.000000 0.000000 1.000000
0.000286 0.017429 0.000000 0.000000 0.000000 1.000000
0.000286 0.018286 0.000000 0.000000 0.000000 1.000000
0.000286 0.019143 0.000000 0.000000 0.000000 1.000000
0.000286 0.020000 0.000000 0.000000 0.000000 1.000000
0.000286 0.020857 0.000000 0.000000 0.000000 1.000000
0.000286 0.021714 0.000000 0.000000 0.000000 1.000000
0.000286 0.022571 0.000000 0.000000 0.000000 1.000000
0.000286 0.023429 0.000000 0.000000 0.000000 1.000000
0.000286 0.024286 0.000000 0.000000 0.000000 1.000000
0.000286 0.025143 0.000000 0.000000 0.000000 1.000000
0.000286 0.026000 0.000000 0.000000 0.000000 1.000000
0.000286 0.026857 0.000000 0.000000 0.000000 1.000000
0.000286 0.027714 0.000000 0.000000 0.000000 1.000000
0.000286 0.020857 0.000000 0.000000 0.000000 0.000000
0.000286 0.001143 0.000000 0.000000 0.000000 1.000000
0.000286 0.002000 0.000000 0.000000 0.000000 1.000000
0.000286 0.002857 0.000000 0.000000 0.000000 1.000000
0.000286 0.003714 0.000000 0.000000 0.000000 1.000000
0.000286 0.004571 0.000000 0.000000 0.000000 1.000000
0.000286 0.005429 0.000000 0.000000 0.000000 1.000000
0.000286 0.006286 0.000000 0.000000 0.000000 1.000000
0.000286 0.007143 0.000000 0.000000 0.000000 1.000000
0.000286 0.008000 0.000000 0.000000 0.000000 1.000000
0.000286 0.008857 0.000000 0.000000 0.000000 1.000000
0.000286 0.009714 0.000000 0.000000 0.000000 1.000000
0.000286 0.010571 0.000000 0.000000 0.000000 1.000000
0.000286 0.011429 0.000000 0.000000 0.000000 1.000000
0.000286 0.012286 0.000000 0.000000 0.000000 1.000000
0.000286 0.013143 0.000000 0.000000 0.000000 1.000000
0.000286 0.014000 0.000000 0.000000 0.000000 1.000000
0.000286 0.014857 0.000000 0.000000 0.000000 1.000000
0.000286 0.015714 0.000000 0.000000 0.000000 1.000000
0.000286 0.016571 0.000000 0.000000 0.000000 1.000000
0.000286 0.017429 0.000000 0.000000 0.000000 1.000000
0.000286 0.018286 0.000000 0.000000 0.000000 1.000000
0.000286 0.019143 0.000000 0.000000 0.000000 1.000000
0.000286 0.020000 0.000000 0.000000 0.000000 1.000000
0.000286 0.020857 0.000000 0.000000 0.000000 1.000000
0.000286 0.021714 0.000000 0.000000 0.000000 1.000000
0.000286 0.022571 0.000000 0.000000 0.000000 1.000000
0.000286 0.023429 0.000000 0.000000 0.000000 1.000000
0.000286 0.024286 0.000000 0.000000 0.000000 1.000000
0.000286 0.025143 0.000000 0.000000 0.000000 1.000000
0.000286 0.026000 0.000000 0.000000 0.000000 1.000000
0.000286 0.026857 0.000000 0.000000 0.000000 1.000000
0.000286 0.027714 0.000000 0.000000 0.000000 1.000000
0.000286 0.021714 0.000000 0.000000 0.000000 0.000000
0.000286 0.001143 0.000000 0.000000 0.000000 1.000000
0.000286 0.002000 0.000000 0.000000 0.000000 1.000000
0.000286 0.002857 0.000000 0.000000 0.000000 1.000000
0.000286 0.003714 0.000000 0.000000 0.000000 1.000000
0.000286 0.004571 0.000000 0.000000 0.000000 1.000000
0.000286 0.005429 0.000000 0.000000 0.000000 1.000000
0.000286 0.006286 0.000000 0.000000 0.000000 1.000000
0.000286 0.007143 0.000000 0.000000 0.000000 1.000000
0.000286 0.008000 0.000000 0.000000 0.000000 1.000000
0.000286 0.008857 0.000000 0.000000 0.000000 1.000000
0.000286 0.009714 0.000000 0.000000 0.000000 1.000000
0.000286 0.010571 0.000000 0.000000 0.000000 1.000000
0.000286 0.011429 0.000000 0.000000 0.000000 1.000000
0.000286 0.012286 0.000000 0.000000 0.000000 1.000000
0.000286 0.013143 0.000000 0.000000 0.000000 1.000000
0.000286 0.014000 0.000000 0.000000 0.000000 1.000000
0.000286 0.014857 0.000000 0.000000 0.000000 1.000000
0.000286 0.015714 0.000000 0.000000 0.000000 1.000000
0.000286 0.016571 0.000000 0.000000 0.000000 1.000000
0.000286 0.017429 0.000000 0.000000 0.000000 1.000000
0.000286 0.018286 0.000000 0.000000 0.000000 1.000000
0.000286 0.019143 0.000000 0.000000 0.000000 1.000000
0.000286 0.020000 0.000000 0.000000 0.000000 1.000000
0.000286 0.020857 0.000000 0.000000 0.000000 1.000000
0.000286 0.021714 0.000000 0.000000 0.000000 1.000000
0.000286 0.022571 0.000000 0.000000 0.000000 1.000000
0.000286 0.023429 0.000000 0.000000 0.000000 1.000000
0.000286 0.024286 0.000000 0.000000 0.000000 1.000000
0.000286 0.025143 0.000000 0.000000 0.000000 1.000000
0.000286 0.026000 0.000000 0.000000 0.000000 1.000000
0.000286 0.026857 0.000000 0.000000 0.000000 1.000000
0.000286 0.027714 0.000000 0.000000 0.000000 1.000000
0.000286 0.022571 0.000000 0.000000 0.000000 0.000000
0.000286 0.001143 0.000000 0.000000 0.000000 1.000000
0.000286 0.002000 0.000000 0.000000 0.000000 1.000000
0.000286 0.002857 0.000000 0.000000 0.000000 1.000000
0.000286 0.003714 0.000000 0.000000 0.000000 1.000000
0.000286 0.004571 0.000000 0.000000 0.000000 1.000000
0.000286 0.005429 0.000000 0.000000 0.000000 1.000000
0.000286 0.006286 0.000000 0.000000 0.000000 1.000000
0.000286 0.007143 0.000000 0.000000 0.000000 1.000000
0.000286 0.008000 0.000000 0.000000 0.000000 1.000000
0.000286 0.008857 0.000000 0.000000 0.000000 1.000000
0.000286 0.009714 0.000000 0.000000 0.000000 1.000000
0.000286 0.010571 0.000000 0.000000 0.000000 1.000000
0.000286 0.011429 0.000000 0.000000 0.000000 1.000000
0.000286 0.012286 0.000000 0.000000 0.000000 1.000000
0.000286 0.013143 0.000000 0.000000 0.000000 1.000000
0.000286 0.014000 0.000000 0.000000 0.000000 1.000000
0.000286 0.014857 0.000000 0.000000 0.000000 1.000000
0.000286 0.015714 0.000000 0.000000 0.000000 1.000000
0.000286 0.016571 0.000000 0.000000 0.000000 1.000000
0.000286 0.017429 0.000000 0.000000 0.000000 1.000000
0.000286 0.018286 0.000000 0.000000 0.000000 1.000000
0.000286 0.019143 0.000000 0.000000 0.000000 1.000000
0.000286 0.020000 0.000000 0.000000 0.000000 1.000000
0.000286 0.020857 0.000000 0.000000 0.000000 1.000000
0.000286 0.021714 0.000000 0.000000 0.000000 1.000000
0.000286 0.022571 0.000000 0.000000 0.000000 1.000000
0.000286 0.023429 0.000000 0.000000 0.000000 1.000000
0.000286 0.024286 0.000000 0.000000 0.000000 1.000000
0.000286 0.025143 0.000000 0.000000 0.000000 1.000000
0.000286 0.026000 0.000000 0.000000 0.000000 1.000000
0.000286 0.026857 0.000000 0.000000 0.000000 1.000000
0.000286 0.027714 0.000000 0.000000 0.000000 1.000000
0.000286 0.023429 0.000000 0.000000 0.000000 0.000000
0.000286 0.001143 0.000000 0.000000 0.000000 1.000000
0.000286 0.002000 0.000000 0.000000 0.000000 1.000000
0.000286 0.002857 0.000000 0.000000 0.000000 1.000000
0.000286 0.003714 0.000000 0.000000 0.000000 1.000000
0.000286 0.004571 0.000000 0.000000 0.000000 1.000000
0.000286 0.005429 0.000000 0.000000 0.000000 1.000000
0.000286 0.006286 0.000000 0.000000 0.000000 1.000000
0.000286 0.007143 0.000000 0.000000 0.000000 1.000000
0.000286 0.008000 0.000000 0.000000 0.000000 1.000000
0.000286 0.008857 0.000000 0.000000 0.000000 1.000000
0.000286 0.009714 0.000000 0.000000 0.000000 1.000000
0.000286 0.010571 0.000000 0.000000 0.000000 1.000000
0.000286 0.011429 0.000000 0.000000 0.000000 1.000000
0.000286 0.012286 0.000000 0.000000 0.000000 1.000000
0.000286 0.013143 0.000000 0.000000 0.000000 1.000000
0.000286 0.014000 0.000000 0.000000 0.000000 1.000000
0.000286 0.014857 0.000000 0.000000 0.000000 1.000000
0.000286 0.015714 0.000000 0.000000 0.000000 1.000000
0.000286 0.016571 0.000000 0.000000 0.000000 1.000000
0.000286 0.017429 0.000000 0.000000 0.000000 1.000000
0.000286 0.018286 0.000000 0.000000 0.000000 1.000000
0.000286 0.019143 0.000000 0.000000 0.000000 1.000000
0.000286 0.020000 0.000000 0.000000 0.000000 1.000000
0.000286 0.020857 0.000000 0.000000 0.000000 1.000000
0.000286 0.021714 0.000000 0.000000 0.000000 1.000000
0.000286 0.022571 0.000000 0.000000 0.000000 1.000000
0.000286 0.023429 0.000000 0.000000 0.000000 1.000000
0.000286 0.024286 0.000000 0.000000 0.000000 1.000000
0.000286 0.025143 0.000000 0.000000 0.000000 1.000000
0.000286 0.026000 0.000000 0.000000 0.000000 1.000000
0.000286 0.026857 0.000000 0.000000 0.000000 1.000000
0.000286 0.027714 0.000000 0.000000 0.000000 1.000000
0.000286 0.024286 0.000000 0.000000 0.000000 0.000000
0.000286 0.001143 0.000000 0.000000 0.000000 1.000000
0.000286 0.002000 0.000000 0.000000 0.000000 1.000000
0.000286 0.002857 0.000000 0.000000 0.000000 1.000000
0.000286 0.003714 0.000000 0.000000 0.000000 1.000000
0.000286 0.004571 0.000000 0.000000 0.000000 1.000000
0.000286 0.005429 0.000000 0.000000 0.000000 1.000000
0.000286 0.006286 0.000000 0.000000 0.000000 1.000000
0.000286 0.007143 0.000000 0.000000 0.000000 1.000000
0.000286 0.008000 0.000000 0.000000 0.000000 1.000000
0.000286 0.008857 0.000000 0.000000 0.000000 1.000000
0.000286 0.009714 0.000000 0.000000 0.000000 1.000000
0.000286 0.010571 0.000000 0.000000 0.000000 1.000000
0.000286 0.011429 0.000000 0.000000 0.000000 1.000000
0.000286 0.012286 0.000000 0.000000 0.000000 1.000000
0.000286 0.013143 0.000000 0.000000 0.000000 1.000000
0.000286 0.014000 0.000000 0.000000 0.000000 1.000000
0.000286 0.014857 0.000000 0.000000 0.000000 1.000000
0.000286 0.015714 0.000000 0.000000 0.000000 1.000000
0.000286 0.016571 0.000000 0.000000 0.000000 1.000000
0.000286 0.017429 0.000000 0.000000 0.000000 1.000000
0.000286 0.018286 0.000000 0.000000 0.000000 1.000000
0.000286 0.019143 0.000000 0.000000 0.000000 1.000000
0.000286 0.020000 0.000000 0.000000 0.000000 1.000000
0.000286 0.020857 0.000000 0.000000 0.000000 1.000000
0.000286 0.021714 0.000000 0.000000 0.000000 1.000000
0.000286 0.022571 0.000000 0.000000 0.000000 1.000000
0.000286 0.023429 0.000000 0.000000 0.000000 1.000000
0.000286 0.024286 0.000000 0.000000 0.000000 1.000000
0.000286 0.025143 0.000000 0.000000 0.000000 1.000000
0.000286 0.026000 0.000000 0.000000 0.000000 1.000000
0.000286 0.026857 0.000000 0.000000 0.000000 1.000000
0.000286 0.027714 0.000000 0.000000 0.000000 1.000000
0.000286 0.025143 0.000000 0.000000 0.000000 0.000000
0.000286 0.001143 0.000000 0.000000 0.000000 1.000000
0.000286 0.002000 0.000000 0.000000 0.000000 1.000000
0.000286 0.002857 0.000000 0.000000 0.000000 1.000000
0.000286 0.003714 0.000000 0.000000 0.000000 1.000000
0.000286 0.004571 0.000000 0.000000 0.000000 1.000000
0.000286 0.005429 0.000000 0.000000 0.000000 1.000000
0.000286 0.006286 0.000000 0.000000 0.000000 1.000000
0.000286 0.007143 0.000000 0.000000 0.000000 1.000000
0.000286 0.008000 0.000000 0.000000 0.000000 1.000000
0.000286 0.008857 0.000000 0.000000 0.000000 1.000000
0.000286 0.009714 0.000000 0.000000 0.000000 1.000000
0.000286 0.010571 0.000000 0.000000 0.000000 1.000000
0.000286 0.011429 0.000000 0.000000 0.000000 1.000000
0.000286 0.012286 0.000000 0.000000 0.000000 1.000000
0.000286 0.013143 0.000000 0.000000 0.000000 1.000000
0.000286 0.014000 0.000000 0.000000 0.000000 1.000000
0.000286 0.014857 0.000000 0.000000 0.000000 1.000000
0.000286 0.015714 0.000000 0.000000 0.000000 1.000000
0.000286 0.016571 0.000000 0.000000 0.000000 1.000000
0.000286 0.017429 0.000000 0.000000 0.000000 1.000000
0.000286 0.018286 0.000000 0.000000 0.000000 1.000000
0.000286 0.019143 0.000000 0.000000 0.000000 1.000000
0.000286 0.020000 0.000000 0.000000 0.000000 1.000000
0.000286 0.020857 0.000000 0.000000 0.000000 1.000000
0.000286 0.021714 0.000000 0.000000 0.000000 1.000000
0.000286 0.022571 0.000000 0.000000 0.000000 1.000000
0.000286 0.023429 0.000000 0.000000 0.000000 1.000000
0.000286 0.024286 0.000000 0.000000 0.000000 1.000000
0.000286 0.025143 0.000000 0.000000 0.000000 1.000000
0.000286 0.026000 0.000000 0.000000 0.000000 1.000000
0.000286 0.026857 0.000000 0.000000 0.000000 1.000000
0.000286 0.027714 0.000000 0.000000 0.000000 1.000000
0.000286 0.026000 0.000000 0.000000 0.000000 0.000000
0.000286 0.001143 0.000000 0.000000 0.000000 1.000000
0.000286 0.002000 0.000000 0.000000 0.000000 1.000000
0.000286 0.002857 0.000000 0.000000 0.000000 1.000000
0.000286 0.003714 0.000000 0.000000 0.000000 1.000000
0.000286 0.004571 0.000000 0.000000 0.000000 1.000000
0.000286 0.005429 0.000000 0.000000 0.000000 1.000000
0.000286 0.006286 0.000000 0.000000 0.000000 1.000000
0.000286 0.007143 0.000000 0.000000 0.000000 1.000000
0.000286 0.008000 0.000000 0.000000 0.000000 1.000000
0.000286 0.008857 0.000000 0.000000 0.000000 1.000000
0.000286 0.009714 0.000000 0.000000 0.000000 1.000000
0.000286 0.010571 0.000000 0.000000 0.000000 1.000000
0.000286 0.011429 0.000000 0.000000 0.000000 1.000000
0.000286 0.012286 0.000000 0.000000 0.000000 1.000000
0.000286 0.013143 0.000000 0.000000 0.000000 1.000000
0.000286 0.014000 0.000000 0.000000 0.000000 1.000000
0.000286 0.014857 0.000000 0.000000 0.000000 1.000000
0.000286 0.015714 0.000000 0.000000 0.000000 1.000000
0.000286 0.016571 0.000000 0.000000 0.000000 1.000000
0.000286 0.017429 0.000000 0.000000 0.000000 1.000000
0.000286 0.018286 0.000000 0.000000 0.000000 1.000000
0.000286 0.019143 0.000000 0.000000 0.000000 1.000000
0.000286 0.020000 0.000000 0.000000 0.000000 1.000000
0.000286 0.020857 0.000000 0.000000 0.000000 1.000000
0.000286 0.021714 0.000000 0.000000 0.000000 1.000000
0.000286 0.022571 0.000000 0.000000 0.000000 1.000000
0.000286 0.023429 0.000000 0.000000 0.000000 1.000000
0.000286 0.024286 0.000000 0.000000 0.000000 1.000000
0.000286 0.025143 0.000000 0.000000 0.000000 1.000000
0.000286 0.026000 0.000000 0.000000 0.000000 1.000000
0.000286 0.026857 0.000000 0.000000 0.000000 1.000000
0.000286 0.027714 0.000000 0.000000 0.000000 1.000000
0.000286 0.026857 0.000000 0.000000 0.000000 0.000000
0.000286 0.001143 0.000000 0.000000 0.000000 1.000000
0.000286 0.002000 0.000000 0.000000 0.000000 1.000000
0.000286 0.002857 0.000000 0.000000 0.000000 1.000000
0.000286 0.003714 0.000000 0.000000 0.000000 1.000000
0.000286 0.004571 0.000000 0.000000 0.000000 1.000000
0.000286 0.005429 0.000000 0.000000 0.000000 1.000000
0.000286 0.006286 0.000000 0.000000 0.000000 1.000000
0.000286 0.007143 0.000000 0.000000 0.000000 1.000000
0.000286 0.008000 0.000000 0.000000 0.000000 1.000000
0.000286 0.008857 0.000000 0.000000 0.000000 1.000000
0.000286 0.009714 0.000000 0.000000 0.000000 1.000000
0.000286 0.010571 0.000000 0.000000 0.000000 1.000000
0.000286 0.011429 0.000000 0.000000 0.000000 1.000000
0.000286 0.012286 0.000000 0.000000 0.000000 1.000000
0.000286 0.013143 0.000000 0.000000 0.000000 1.000000
0.000286 0.014000 0.000000 0.000000 0.000000 1.000000
0.000286 0.014857 0.000000 0.000000 0.000000 1.000000
0.000286 0.015714 0.000000 0.000000 0.000000 1.000000
0.000286 0.016571 0.000000 0.000000 0.000000 1.000000
0.000286 0.017429 0.000000 0.000000 0.000000 1.000000
0.000286 0.018286 0.000000 0.000000 0.000000 1.000000
0.000286 0.019143 0.000000 0.000000 0.000000 1.000000
0.000286 0.020000 0.000000 0.000000 0.000000 1.000000
0.000286 0.020857 0.000000 0.000000 0.000000 1.000000
0.000286 0.021714 0.000000 0.000000 0.000000 1.000000
0.000286 0.022571 0.000000 0.000000 0.000000 1.000000
0.000286 0.023429 0.000000 0.000000 0.000000 1.000000
0.000286 0.024286 0.000000 0.000000 0.000000 1.000000
0.000286 0.025143 0.000000 0.000000 0.000000 1.000000
0.000286 0.026000 0.000000 0.000000 0.000000 1.000000
0.000286 0.026857 0.000000 0.000000 0.000000 1.000000
0.000286 0.027714 0.000000 0.000000 0.000000 1.000000
0.000286 0.027714 0.000000 0.000000 0.000000 0.000000
0.000286 0.001143 0.000000 0.000000 0.000000 1.000000
0.000286 0.002000 0.000000 0.000000 0.000000 1.000000
0.000286 0.002857 0.000000 0.000000 0.000000 1.000000
0.000286 0.003714 0.000000 0.000000 0.000000 1.000000
0.000286 0.004571 0.000000 0.000000 0.000000 1.000000
0.000286 0.005429 0.000000 0.000000 0.000000 1.000000
0.000286 0.006286 0.000000 0.000000 0.000000 1.000000
0.000286 0.007143 0.000000 0.000000 0.000000 1.000000
0.000286 0.008000 0.000000 0.000000 0.000000 1.000000
0.000286 0.008857 0.000000 0.000000 0.000000 1.000000
0.000286 0.009714 0.000000 0.000000 0.000000 1.000000
0.000286 0.010571 0.000000 0.000000 0.000000 1.000000
0.000286 0.011429 0.000000 0.000000 0.000000 1.000000
0.000286 0.012286 0.000000 0.000000 0.000000 1.000000
0.000286 0.013143 0.000000 0.000000 0.000000 1.000000
0.000286 0.014000 0.000000 0.000000 0.000000 1.000000
0.000286 0.014857 0.000000 0.000000 0.000000 1.000000
0.000286 0.015714 0.000000 0.000000 0.000000 1.000000
0.000286 0.016571 0.000000 0.000000 0.000000 1.000000
0.000286 0.017429 0.000000 0.000000 0.000000 1.000000
0.000286 0.018286 0.000000 0.000000 0.000000 1.000000
0.000286 0.019143 0.000000 0.000000 0.000000 1.000000
0.000286 0.020000 0.000000 0.000000 0.000000 1.000000
0.000286 0.020857 0.000000 0.000000 0.000000 1.000000
0.000286 0.021714 0.000000 0.000000 0.000000 1.000000
0.000286 0.022571 0.000000 0.000000 0.000000 1.000000
0.000286 0.023429 0.000000 0.000000 0.000000 1.000000
0.000286 0.024286 0.000000 0.000000 0.000000 1.000000
0.000286 0.025143 0.000000 0.000000 0.000000 1.000000
0.000286 0.026000 0.000000 0.000000 0.000000 1.000000
0.000286 0.026857 0.000000 0.000000 0.000000 1.000000
0.000286 0.027714 0.000000 0.000000 0.000000 1.000000
