  7.3374320E+07
  7.1472712E+07
  5.4118612E+07
  1.5323706E+08
  3.3705448E+07
  8.7889816E+07
  8.5718976E+07
  8.4178448E+07
  9.1385360E+07
  1.3255154E+08
  7.3056232E+07
  2.3165668E+07
  1.2992693E+07
   6691617.    
   4699200.    
   2672194.    
   1541207.    
   883257.6    
   684984.2    
   430775.3    
   344661.6    
   300671.2    
   276982.2    
   235026.8    
   194734.1    
   173405.2    
   159786.0    
   154821.4    
   148172.8    
   136061.0    
   116369.0    
   98274.63    
   91499.92    
   87951.32    
   84559.30    
   81654.15    
   80387.02    
   77755.22    
   76636.70    
   72959.35    
   67955.97    
   64290.53    
   61777.10    
   60759.08    
   59365.29    
   57265.24    
   54927.17    
   51829.94    
   50489.54    
   49934.71    
   48200.67    
   46161.97    
   44070.52    
   43464.43    
   42373.74    
   41375.61    
   40028.45    
   38194.58    
   37385.10    
   36792.47    
